1745407684.847602 0.000000000 0.000000000 0.000000000 0.000000000 0.000000000 0.000000000 1.000000000
1745407684.898371 -0.127644067 0.005395869 -0.039968403 0.052769582 0.156264333 0.078085998 0.983208730
1745407684.948536 -0.266941239 0.028667155 -0.142184710 0.103846218 0.307295430 0.153616846 0.933374173
1745407684.999440 -0.362950604 0.056092612 -0.285131350 0.151016317 0.448566617 0.223617430 0.852043020
1745407685.049989 -0.489568496 0.118470216 -0.797507774 0.192750381 0.574963306 0.285916569 0.741967791
1745407685.100162 -0.452168784 0.133144369 -1.144208881 0.229875866 0.681316132 0.339153880 0.606580630
1745407685.150361 -0.375779470 0.112567355 -1.300034550 0.258943187 0.764889304 0.380469597 0.450705740
1745407685.200694 -0.133044102 0.024957212 -1.533966767 0.278624206 0.822362099 0.408970657 0.280770603
1745407685.251619 0.101780096 -0.169110091 -1.685902140 0.287121918 0.854750590 0.419933422 0.103045402
1745407685.301971 0.204416691 -0.294271688 -1.739646918 0.286769850 0.856220037 0.422285491 -0.079531539
1745407685.352192 0.481850272 -0.693308689 -1.791568364 0.279182997 0.828773581 0.408819548 -0.260878864
1745407685.403500 0.712336515 -1.120876682 -1.791069306 0.259371690 0.771196479 0.386699634 -0.434103340
1745407685.454810 0.765053151 -1.270103839 -1.761179671 -0.230913656 -0.688208958 -0.349641329 0.592282242
1745407685.505618 0.812850148 -1.726417083 -1.589886958 -0.193509950 -0.580213362 -0.303587947 0.730575603
1745407685.555714 0.733850119 -1.997791524 -1.443290501 -0.146137004 -0.450697897 -0.250334445 0.844303291
1745407685.605799 0.486413580 -2.364530641 -1.242504142 -0.094019744 -0.305906014 -0.187833552 0.928601290
1745407685.656396 0.106735218 -2.637844834 -1.123901232 -0.041696023 -0.151136597 -0.116891612 0.980691349
1745407685.707750 -0.179775913 -2.772458680 -1.120962602 0.012734851 0.009056831 -0.042379606 0.998979362
1745407685.758142 -0.466384877 -2.861262464 -1.200303890 0.068872565 0.169320067 0.030770326 0.982670073
1745407685.809113 -0.723257079 -2.922996913 -1.362733694 0.121744617 0.323890948 0.103005104 0.932557157
1745407685.859297 -0.828730860 -2.956425304 -1.473037315 0.177655819 0.466522103 0.170845044 0.849474843
1745407685.910138 -0.974895693 -3.029615682 -1.739524509 0.223178297 0.593872609 0.232479305 0.737197494
1745407685.960261 -1.000991588 -3.080003524 -1.886715208 0.259619617 0.700754043 0.285834223 0.599866838
1745407686.010842 -0.972116846 -3.210931217 -2.171682908 0.284776287 0.784240805 0.329576512 0.441868926
1745407686.061911 -0.927103065 -3.295682031 -2.297667769 0.301813281 0.839767027 0.362878403 0.268364210
1745407686.111971 -0.853075400 -3.399651965 -2.398095611 0.306432226 0.868222135 0.380683792 0.085845594
1745407686.162457 -0.768485146 -3.523742519 -2.459828756 0.300720436 0.866992994 0.384747775 -0.099295101
1745407686.213091 -0.684484517 -3.662824626 -2.486220589 0.283812404 0.838908066 0.370693404 -0.279768076
1745407686.263375 -0.617679335 -3.812608665 -2.470146376 0.256804707 0.782860524 0.343317845 -0.450903094
1745407686.313718 -0.598037430 -3.934630559 -2.430142616 -0.219733716 -0.696961096 -0.310267473 0.608026661
1745407686.364697 -0.609855451 -4.051918154 -2.375404061 -0.174900028 -0.586924920 -0.266570890 0.744223809
1745407686.415451 -0.653939949 -4.152622624 -2.313178558 -0.127373650 -0.460150306 -0.208623340 0.853530287
1745407686.466262 -0.729479569 -4.238671606 -2.260064526 -0.075102221 -0.317428502 -0.144660188 0.934169274
1745407686.517213 -0.834324595 -4.301128179 -2.225776595 -0.016905875 -0.162097801 -0.079321510 0.983436115
1745407686.567884 -0.954602750 -4.340102331 -2.236135138 0.035348740 -0.001047657 -0.008327166 0.999339796
1745407686.618806 -1.071883247 -4.369880986 -2.273106943 0.089479364 0.159517938 0.062894858 0.981117581
1745407686.669102 -1.174214687 -4.387568792 -2.347415867 0.140930365 0.314168726 0.132264851 0.929485155
1745407686.720230 -1.249400324 -4.402821274 -2.449593507 0.186818223 0.458277038 0.197304610 0.846257643
1745407686.770878 -1.290351935 -4.427225530 -2.569780452 0.225843611 0.586613762 0.255469274 0.734584514
1745407686.821537 -1.289740759 -4.460881762 -2.695076197 0.257784007 0.695016117 0.305555702 0.597608330
1745407686.871807 -1.261593384 -4.511814551 -2.811323214 0.282779856 0.778921976 0.346253483 0.439800675
1745407686.921992 -1.211527838 -4.585024229 -2.905031669 0.299285973 0.835560667 0.375434358 0.267049285
1745407686.972240 -1.146323442 -4.673123379 -2.971975360 0.305625365 0.863621998 0.391836894 0.084935445
1745407687.022886 -1.075027610 -4.773384679 -3.007796679 0.301755197 0.861815767 0.395014417 -0.100900920
1745407687.073043 -1.013103450 -4.885542280 -3.009147586 0.287261268 0.830341370 0.384564337 -0.283062613
1745407687.123993 -0.969240607 -5.003396697 -2.986657092 0.263026612 0.768145333 0.364203764 -0.456207592
1745407687.174721 -0.952630324 -5.121887612 -2.941980712 -0.229674379 -0.679564064 -0.330536672 0.613341561
1745407687.224893 -0.974225598 -5.230226798 -2.883265878 -0.188312791 -0.567988060 -0.284584959 0.748958783
1745407687.275100 -1.029728516 -5.326896277 -2.826709495 -0.140556335 -0.436897289 -0.228671302 0.858530204
1745407687.326082 -1.102352120 -5.417563019 -2.778300309 -0.082001907 -0.288703748 -0.171762310 0.938308873
1745407687.376668 -1.204523517 -5.489273741 -2.752725842 -0.022279218 -0.130261680 -0.107314109 0.985403071
1745407687.427679 -1.311492044 -5.558092654 -2.752221875 0.039251447 0.033004824 -0.039219488 0.997913742
1745407687.477853 -1.426512068 -5.604444877 -2.786185863 0.096646432 0.196264632 0.030575926 0.975297275
1745407687.528256 -1.528940614 -5.641090520 -2.854744805 0.149199000 0.352652238 0.099818508 0.918374827
1745407687.578278 -1.597319735 -5.670163148 -2.958416664 0.192475202 0.497029642 0.164605324 0.829951757
1745407687.628643 -1.632728812 -5.702642741 -3.076569074 0.229094141 0.624222598 0.223812146 0.712579923
1745407687.679049 -1.628440614 -5.745837142 -3.197375684 0.256353452 0.730235014 0.275896354 0.570018363
1745407687.729553 -1.590148143 -5.806545769 -3.304902881 0.275542678 0.810419340 0.318918960 0.406924346
1745407687.779643 -1.522386917 -5.878411234 -3.386621588 0.286635355 0.860786748 0.352712631 0.229085459
1745407687.830230 -1.437434577 -5.962506553 -3.428547200 0.286666988 0.881742190 0.372178203 0.042850141
1745407687.880872 -1.356620920 -6.058928758 -3.435243403 0.276484275 0.871321659 0.378625694 -0.144905474
1745407687.931353 -1.292357063 -6.162508677 -3.410939036 0.258243945 0.827896029 0.374551535 -0.328038683
1745407687.982041 -1.255539194 -6.269619152 -3.359590393 0.231080779 0.754804541 0.357190616 -0.499286133
1745407688.032932 -1.244377232 -6.375709024 -3.294935433 -0.195305052 -0.654608807 -0.328545795 0.652227649
1745407688.083627 -1.271224727 -6.475139924 -3.224641096 -0.152303081 -0.531094411 -0.288583861 0.781960263
1745407688.133818 -1.337616752 -6.562332586 -3.163062635 -0.101445683 -0.386555067 -0.242535249 0.884002606
1745407688.184184 -1.436237981 -6.629191898 -3.124520368 -0.048406740 -0.228585604 -0.187651427 0.954040016
1745407688.234949 -1.550303886 -6.680178416 -3.121984957 0.008491359 -0.061749037 -0.126766518 0.989972324
1745407688.285157 -1.663170359 -6.719084415 -3.161200355 0.063640824 0.107370655 -0.060456800 0.990336490
1745407688.335736 -1.758107147 -6.749372747 -3.237044955 0.112552297 0.272199978 0.009718374 0.955586053
1745407688.385896 -1.826136790 -6.781081340 -3.339313998 0.155806374 0.427020241 0.079129507 0.887195925
1745407688.436540 -1.866336647 -6.818991379 -3.452542055 0.197200744 0.566007617 0.146022943 0.787035288
1745407688.487002 -1.882531625 -6.863732085 -3.570198104 0.226650447 0.686430291 0.205751454 0.659628205
1745407688.537541 -1.863984657 -6.916430841 -3.683535886 0.248966102 0.782329383 0.258803136 0.508918022
1745407688.587735 -1.794897769 -6.979008744 -3.769933798 0.266883181 0.847954681 0.307105370 0.339753615
1745407688.638140 -1.710185860 -7.055815918 -3.825657876 0.275380963 0.883314523 0.344618701 0.158615037
1745407688.688605 -1.627184816 -7.142484562 -3.860663250 0.272813298 0.888383750 0.368221639 -0.027568863
1745407688.739514 -1.549852460 -7.240731357 -3.861243008 0.260933848 0.861735692 0.379468246 -0.212906022
1745407688.789750 -1.488275662 -7.342790039 -3.835199759 0.239890560 0.803439455 0.379653399 -0.390897503
1745407688.840317 -1.459019676 -7.445739629 -3.777242861 -0.210784910 -0.719200932 -0.361518369 0.554638810
1745407688.891804 -1.464378480 -7.546264563 -3.709696534 -0.174200805 -0.609527520 -0.331260911 0.698853697
1745407688.941857 -1.505573255 -7.633847286 -3.637379568 -0.133127733 -0.479654105 -0.287029245 0.818427247
1745407688.991915 -1.580563571 -7.709830957 -3.579903531 -0.088736243 -0.333211674 -0.232552907 0.909403654
1745407689.042862 -1.682602014 -7.770295317 -3.543915199 -0.038513360 -0.174121314 -0.173171180 0.968612529
1745407689.093009 -1.798105516 -7.815323255 -3.542269565 0.014535337 -0.008664868 -0.108430143 0.993960033
1745407689.143384 -1.912939791 -7.837197540 -3.581276134 0.064205634 0.156169654 -0.039120769 0.984864580
1745407689.194156 -2.010203715 -7.848459948 -3.655960623 0.111714834 0.315558107 0.031431455 0.941782852
1745407689.244634 -2.087195024 -7.848460238 -3.755890355 0.153834221 0.463712694 0.101873646 0.866560633
1745407689.295648 -2.124433760 -7.846942252 -3.876591409 0.190649187 0.595925512 0.168818826 0.761594298
1745407689.346094 -2.110673790 -7.862720969 -4.000735590 0.223213613 0.707237156 0.230654062 0.629912686
1745407689.396802 -2.058838961 -7.890503786 -4.112024671 0.248404506 0.793957524 0.284492116 0.476435608
1745407689.447652 -1.990336179 -7.934235522 -4.207583398 0.260310992 0.855262751 0.324669712 0.308793444
1745407689.498098 -1.900272138 -7.993055627 -4.272085141 0.263671645 0.887686594 0.354079466 0.130833890
1745407689.548699 -1.812607964 -8.070968976 -4.315436829 0.260451587 0.887871526 0.375653259 -0.052285306
1745407689.599438 -1.727435352 -8.161982966 -4.323850097 0.248238643 0.857933265 0.384478014 -0.233462516
1745407689.649738 -1.656475820 -8.253372105 -4.282290120 0.227455146 0.799780194 0.378512670 -0.406625082
1745407689.700076 -1.613682083 -8.353383240 -4.220877209 -0.199913547 -0.714295413 -0.360188179 0.565757115
1745407689.750396 -1.604469444 -8.453966821 -4.148092355 -0.165583997 -0.604589575 -0.329757086 0.705913345
1745407689.800607 -1.621921628 -8.554442856 -4.076367176 -0.126419441 -0.474767168 -0.287646117 0.822115547
1745407689.851917 -1.675828072 -8.646068827 -4.011255110 -0.082624679 -0.328684586 -0.236325221 0.910653609
1745407689.901976 -1.763612925 -8.725413598 -3.969683005 -0.037657072 -0.172518620 -0.175263564 0.968556634
1745407689.952211 -1.870099230 -8.792423765 -3.954541773 0.008900678 -0.010726747 -0.108218763 0.994029383
1745407690.002889 -1.977583555 -8.859073392 -3.971254774 0.055045596 0.152135617 -0.038708448 0.986066120
1745407690.052933 -2.083614195 -8.911529870 -4.015243413 0.096606123 0.308707006 0.032593520 0.945676955
1745407690.103225 -2.175931044 -8.953752550 -4.090274185 0.135469508 0.454991063 0.102777814 0.874109756
1745407690.154035 -2.242184393 -8.984914310 -4.191703503 0.171819585 0.586336131 0.170532492 0.773050219
1745407690.204366 -2.275545524 -9.015587945 -4.308401269 0.202340225 0.698181503 0.232380954 0.646219865
1745407690.254435 -2.292790008 -9.051306418 -4.425434608 0.223624217 0.787069775 0.285564538 0.498965203
1745407690.304724 -2.268370446 -9.093241889 -4.538718242 0.237362430 0.850353722 0.328441701 0.335683890
1745407690.355451 -2.217671229 -9.147872905 -4.637044192 0.242648625 0.886070434 0.360452216 0.161477647
1745407690.405593 -2.148210439 -9.220405525 -4.705303190 0.240907643 0.891956175 0.382114263 -0.019141029
1745407690.455766 -2.071203119 -9.305802274 -4.744281910 0.231142460 0.868362813 0.391047865 -0.198999386
1745407690.506715 -1.993058372 -9.401194396 -4.756178361 0.214442827 0.818116451 0.382779456 -0.371725214
1745407690.557083 -1.929301803 -9.506816186 -4.738169923 -0.190607109 -0.741672094 -0.361214429 0.532086056
1745407690.608565 -1.887485012 -9.615686243 -4.692463103 -0.159867223 -0.640709988 -0.327298905 0.675876179
1745407690.659280 -1.876649661 -9.726494724 -4.635245028 -0.124211432 -0.518933685 -0.282259964 0.797250691
1745407690.709471 -1.900833206 -9.835690472 -4.581831653 -0.084261035 -0.379476861 -0.229733520 0.892255513
1745407690.760037 -1.961852276 -9.932568844 -4.531526447 -0.040803889 -0.227182869 -0.170001173 0.958030578
1745407690.810208 -2.048138670 -10.016520021 -4.499579283 0.003673124 -0.067257215 -0.104310396 0.992261214
1745407690.860880 -2.147553617 -10.089437087 -4.505079613 0.042870050 0.094342650 -0.032661078 0.994079915
1745407690.912199 -2.249298016 -10.149275564 -4.541286644 0.081398714 0.252880423 0.039912831 0.963240732
1745407690.963510 -2.345055180 -10.192984411 -4.610420023 0.116787892 0.402985698 0.111581108 0.900840037
1745407691.013768 -2.414787387 -10.229014962 -4.708614645 0.149508900 0.540025246 0.179613607 0.808553508
1745407691.064412 -2.444362389 -10.261752867 -4.824757903 0.178740014 0.658606081 0.242630206 0.689507520
1745407691.114455 -2.441859024 -10.299734170 -4.941690563 0.199436046 0.756977497 0.295458594 0.547644549
1745407691.165627 -2.406943073 -10.346089715 -5.049986202 0.214461869 0.830019601 0.339035734 0.387463986
1745407691.216001 -2.337539870 -10.403285014 -5.134882577 0.219826755 0.877128194 0.368492039 0.215721920
1745407691.266101 -2.253341609 -10.475132206 -5.190008561 0.217763774 0.895689553 0.385954284 0.036857202
1745407691.317341 -2.162308133 -10.559436052 -5.204476517 0.208505729 0.885343936 0.390428727 -0.142326685
1745407691.367593 -2.082923232 -10.656824443 -5.185263495 0.193535960 0.844387949 0.385550265 -0.317653612
1745407691.418542 -2.022588573 -10.759987537 -5.145290261 0.170850716 0.775099329 0.369715835 -0.483054101
1745407691.468754 -1.998358487 -10.863865674 -5.076790078 -0.143828402 -0.683134851 -0.337045687 0.631696423
1745407691.519453 -2.011711808 -10.964235299 -5.000520897 -0.112206456 -0.568989371 -0.293497244 0.759947481
1745407691.570442 -2.072301746 -11.046311168 -4.928096132 -0.077438660 -0.436339028 -0.240263187 0.863646402
1745407691.620965 -2.163771558 -11.114711061 -4.876773413 -0.039822994 -0.289356196 -0.179662549 0.939366004
1745407691.671628 -2.280178824 -11.158984281 -4.863988554 -0.001118711 -0.133590932 -0.111719244 0.984718753
1745407691.721858 -2.399640605 -11.186709338 -4.888850047 0.037582476 0.026555069 -0.039900899 0.998143429
1745407691.772288 -2.507795888 -11.198364666 -4.954546206 0.075920179 0.186258297 0.032979237 0.979007836
1745407691.823538 -2.589470250 -11.202218113 -5.051741459 0.113372508 0.339872421 0.104396225 0.927757964
1745407691.873710 -2.632495443 -11.188268181 -5.167237115 0.144016002 0.481944101 0.172115980 0.846974240
1745407691.923952 -2.633672324 -11.178131495 -5.291853904 0.169906738 0.608645491 0.234205455 0.738803202
1745407691.974755 -2.609555242 -11.182999515 -5.416665628 0.197267998 0.714267723 0.289869041 0.605708590
1745407692.025482 -2.515303017 -11.205782254 -5.500389203 0.214373552 0.798417060 0.332960628 0.453554186
1745407692.075885 -2.406970219 -11.247978244 -5.549223812 0.225906800 0.855815855 0.366745297 0.286431888
1745407692.126181 -2.291560441 -11.305120964 -5.544654067 0.230066546 0.885719159 0.387979270 0.109740798
1745407692.177017 -2.193042232 -11.379138548 -5.518937930 0.227171641 0.885337196 0.399576020 -0.070072093
1745407692.227900 -2.107456804 -11.451081184 -5.456986042 0.215997630 0.856774799 0.396456745 -0.249206774
1745407692.278478 -2.055406899 -11.529763725 -5.370087270 0.197976126 0.799047364 0.381565591 -0.420400361
1745407692.329468 -2.055457037 -11.596357822 -5.262667416 -0.174214283 -0.718002434 -0.349524047 0.576155212
1745407692.380585 -2.101561393 -11.664702039 -5.164353242 -0.145825290 -0.613886312 -0.305481673 0.713133598
1745407692.431622 -2.205478925 -11.688937239 -5.096579432 -0.112950888 -0.488948482 -0.252272828 0.827363221
1745407692.481904 -2.315018127 -11.705209768 -5.037540225 -0.072512839 -0.347118282 -0.194661207 0.914525998
1745407692.531922 -2.438937797 -11.702408466 -5.017629433 -0.029314214 -0.193691062 -0.131318379 0.971792124
1745407692.582968 -2.557105346 -11.657656985 -5.033178138 0.012248109 -0.035087504 -0.062813594 0.997333095
1745407692.633400 -2.664881829 -11.606801918 -5.083371537 0.053365612 0.124859168 0.008194662 0.990704369
1745407692.683587 -2.711043643 -11.563941958 -5.196616907 0.098279176 0.281710920 0.077066027 0.951336422
1745407692.733760 -2.713928833 -11.517866574 -5.316080093 0.136437949 0.429974988 0.144194749 0.880746314
1745407692.784727 -2.681328967 -11.487518110 -5.435611984 0.171848064 0.563822892 0.207411320 0.780738454
1745407692.835486 -2.591868192 -11.479399133 -5.521961886 0.200438597 0.678807338 0.264239455 0.655150728
1745407692.886355 -2.478883306 -11.490280536 -5.573526222 0.223395360 0.770715710 0.312661490 0.508266269
1745407692.937063 -2.360904688 -11.519296933 -5.596766017 0.238983200 0.837296622 0.349879431 0.345551416
1745407692.987539 -2.245819509 -11.559643613 -5.571023195 0.247993199 0.876431354 0.375608575 0.171130517
1745407693.038459 -2.150151785 -11.607644005 -5.507967774 0.251142706 0.884621138 0.392778136 -0.009905552
1745407693.089109 -2.104468623 -11.604388958 -5.388224189 0.246526852 0.861711288 0.400048298 -0.191414541
1745407693.139933 -2.099355354 -11.598657220 -5.260319569 0.233538751 0.810127815 0.393716964 -0.366250634
1745407693.190239 -2.161328078 -11.545827157 -5.161011757 -0.213578965 -0.731776354 -0.372623204 0.529187434
1745407693.240903 -2.225043408 -11.458239835 -5.089037412 -0.187480461 -0.630752634 -0.336263001 0.673742819
1745407693.291359 -2.280948828 -11.356872334 -5.028117828 -0.155340814 -0.509101141 -0.289095700 0.795681429
1745407693.342109 -2.191754729 -11.260935225 -5.062139390 -0.122372006 -0.373228069 -0.228254005 0.890856896
1745407693.392811 -2.085232525 -11.179976579 -5.082793721 -0.085940305 -0.225703854 -0.159807789 0.957148632
1745407693.443082 -1.983689696 -11.210926286 -5.166362035 -0.043420930 -0.070053729 -0.089134623 0.992603706
1745407693.493701 -1.862354866 -11.270390165 -5.189836500 0.001960700 0.088566595 -0.015955949 0.995940521
1745407693.544489 -1.736576614 -11.316185375 -5.211715776 0.047299548 0.243344007 0.057571043 0.967073949
1745407693.594497 -1.622805074 -11.286153293 -5.279922301 0.090706798 0.390641347 0.129314361 0.906889966
1745407693.645519 -1.490885775 -11.282096228 -5.309779883 0.133867073 0.525105748 0.196868183 0.817059655
1745407693.695998 -1.360591269 -11.275869717 -5.338032403 0.172376798 0.642101425 0.258033801 0.701006817
1745407693.746241 -1.228777627 -11.291380784 -5.323028216 0.205465343 0.738311387 0.310866107 0.562176620
1745407693.797195 -1.106020125 -11.319266588 -5.283499594 0.232520054 0.810180666 0.354344475 0.404946546
1745407693.847590 -1.007455246 -11.360610176 -5.205927189 0.252189766 0.855620627 0.386452267 0.234453215
1745407693.897871 -0.930504018 -11.430096466 -5.126460956 0.260824742 0.875401039 0.402946239 0.057252101
1745407693.948683 -0.935568538 -11.480099836 -5.003886212 0.261579253 0.866789422 0.406821660 -0.121443524
1745407693.998949 -0.987187849 -11.506775098 -4.886363428 0.253740714 0.830502635 0.397962347 -0.295815810
1745407694.049475 -1.034057622 -11.570458401 -4.780446513 0.237870093 0.767547463 0.376154260 -0.461298908
1745407694.099607 -1.118126549 -11.631407122 -4.699014380 -0.214308217 -0.679739538 -0.342658107 0.612055202
1745407694.150520 -1.181260364 -11.743680301 -4.671277517 -0.183975355 -0.570529706 -0.298311935 0.742737445
1745407694.200870 -1.268228410 -11.841905901 -4.658998829 -0.147558258 -0.443004532 -0.244936251 0.849693932
1745407694.251698 -1.297821540 -11.970090550 -4.646976000 -0.107038393 -0.301350973 -0.183182700 0.929609849
1745407694.302061 -1.364134394 -12.047530501 -4.728987934 -0.064639409 -0.151466376 -0.113060697 0.979845377
1745407694.353001 -1.488718850 -12.083966075 -4.741790074 -0.020767866 0.003626813 -0.039436061 0.998999669
1745407694.403478 -1.607782878 -12.102277175 -4.792168752 0.024813464 0.158738550 0.035059683 0.986385920
1745407694.454278 -1.683834995 -12.142060717 -4.892803765 0.075071202 0.308458338 0.107447342 0.942163912
1745407694.505248 -1.731557541 -12.181279652 -5.009836079 0.122724074 0.448239347 0.176153372 0.867750125
1745407694.555424 -1.698935968 -12.218960597 -5.131407925 0.159489035 0.574973849 0.238818248 0.766116287
1745407694.605616 -1.671939166 -12.280132936 -5.244626322 0.190810605 0.683631979 0.294385854 0.639980936
1745407694.656137 -1.632998141 -12.372197902 -5.327569110 0.219889258 0.768883830 0.342277718 0.493267001
1745407694.706782 -1.585647755 -12.476178507 -5.389312332 0.241883843 0.829600702 0.379099383 0.330966071
1745407694.756917 -1.503049280 -12.570905153 -5.402986998 0.255165288 0.864691218 0.402832786 0.157878180
1745407694.807524 -1.434001807 -12.675424352 -5.407474298 0.261641056 0.870524596 0.416286946 -0.020882133
1745407694.857777 -1.387276236 -12.792115777 -5.402248527 0.260307181 0.846681152 0.419068637 -0.199380728
1745407694.908148 -1.366499801 -12.916314010 -5.381166653 0.250283101 0.797067063 0.405277293 -0.371204502
1745407694.958257 -1.378524061 -13.039954737 -5.347198233 -0.232345992 -0.721922649 -0.378208401 0.530849729
1745407695.009317 -1.431203553 -13.147595814 -5.302115523 -0.206831966 -0.623070177 -0.340049407 0.673327924
1745407695.059417 -1.470346065 -13.273348735 -5.304850975 -0.174800589 -0.504176365 -0.290809104 0.794154275
1745407695.110201 -1.549826372 -13.376369124 -5.289170507 -0.137368089 -0.369048332 -0.231941959 0.889458410
1745407695.160522 -1.652450726 -13.457733379 -5.304109652 -0.094445114 -0.221607353 -0.166769038 0.956116306
1745407695.211124 -1.757365415 -13.524820219 -5.347319144 -0.048517869 -0.067005549 -0.096084176 0.991929485
1745407695.261744 -1.803027849 -13.635402502 -5.407943390 -0.003322947 0.089123508 -0.021118872 0.995791118
1745407695.311796 -1.787313125 -13.766285657 -5.373548321 0.041604034 0.242475285 0.054631911 0.967724235
1745407695.361802 -1.794966643 -13.900295084 -5.390748409 0.085392247 0.388312866 0.128445100 0.908528006
1745407695.413312 -1.829166287 -14.030680622 -5.409892048 0.128183172 0.521555205 0.198393000 0.819871612
1745407695.464566 -1.875909578 -14.141799345 -5.474769192 0.166104546 0.638120836 0.261617630 0.704817206
1745407695.514628 -1.932022206 -14.213213978 -5.573238516 0.198528256 0.734220269 0.316294975 0.566978498
1745407695.564967 -1.966937617 -14.285102680 -5.680818158 0.224200129 0.806798339 0.360492880 0.410920462
1745407695.615171 -1.966254307 -14.365867199 -5.787297547 0.242776204 0.853479715 0.392656195 0.241770972
1745407695.665263 -1.955217905 -14.470613964 -5.871977261 0.253167730 0.873111788 0.411538401 0.064946517
1745407695.715863 -1.946141194 -14.579956882 -5.950301272 0.254985960 0.865065420 0.416740714 -0.113890985
1745407695.766470 -1.938321614 -14.697824944 -6.014138761 0.248301966 0.829815066 0.407599170 -0.289164324
1745407695.817470 -1.931708943 -14.821327701 -6.066738433 0.233552710 0.768036944 0.385255382 -0.455138083
1745407695.868763 -1.934299305 -14.953343352 -6.094454706 -0.211309453 -0.680883739 -0.351784491 0.606624531
1745407695.919556 -1.949435926 -15.086010798 -6.114244258 -0.182259751 -0.571792394 -0.307150464 0.738575273
1745407695.969703 -1.971410021 -15.211725638 -6.158616898 -0.147271841 -0.443697184 -0.253327940 0.846917215
1745407696.020667 -2.008139890 -15.335591181 -6.198547577 -0.106486625 -0.300842747 -0.192001638 0.928056901
1745407696.072085 -2.058287283 -15.446723319 -6.257547564 -0.061863508 -0.148199485 -0.124304458 0.979161999
1745407696.122788 -2.117119402 -15.542063613 -6.332177736 -0.015637749 0.009105982 -0.052131417 0.998476268
1745407696.173239 -2.164940650 -15.635541614 -6.416500780 0.030579207 0.166040027 0.021842153 0.985402731
1745407696.224294 -2.194226841 -15.732407770 -6.505495193 0.075780045 0.317527837 0.094662199 0.940463995
1745407696.275151 -2.192185963 -15.845036565 -6.581047270 0.118294981 0.458946165 0.164477746 0.865055944
1745407696.325367 -2.196573385 -15.940575994 -6.671804030 0.156582585 0.585759382 0.228963113 0.761540369
1745407696.375575 -2.217635279 -16.038902871 -6.758693618 0.189831659 0.693607976 0.285944427 0.633330641
1745407696.425939 -2.224066506 -16.136730309 -6.848210371 0.215297089 0.779438155 0.332906080 0.485074084
1745407696.476314 -2.217745195 -16.238645307 -6.932740969 0.233639964 0.840344680 0.368671249 0.321426034
1745407696.526678 -2.201401360 -16.348291350 -7.005254587 0.244507774 0.874284505 0.392538519 0.147499369
1745407696.577504 -2.183944442 -16.467182973 -7.058398391 0.246989510 0.880776662 0.402817485 -0.031092249
1745407696.627743 -2.169130615 -16.592312050 -7.095851112 0.241884424 0.858686037 0.400724995 -0.208733547
1745407696.678262 -2.152861329 -16.718951541 -7.131181222 0.229113158 0.809413147 0.385022619 -0.379624948
1745407696.728356 -2.152545488 -16.849775925 -7.148930308 -0.209077499 -0.733833739 -0.357523801 0.538471332
1745407696.779065 -2.167070446 -16.981447579 -7.154470454 -0.181943857 -0.634146812 -0.320028668 0.679952870
1745407696.829321 -2.181312510 -17.114046698 -7.168442925 -0.149083892 -0.514413452 -0.271805691 0.799546409
1745407696.880037 -2.236676305 -17.235855992 -7.172240081 -0.110613253 -0.377785239 -0.215711148 0.893594831
1745407696.930159 -2.306410477 -17.348985443 -7.188143998 -0.068544989 -0.229024669 -0.152582962 0.958940939
1745407696.980212 -2.385374560 -17.450808371 -7.224882331 -0.024720680 -0.072654378 -0.083803393 0.993522632
1745407697.031032 -2.463399189 -17.544354507 -7.280794776 0.019797753 0.086042786 -0.012302103 0.996018748
1745407697.081175 -2.540588153 -17.634047384 -7.343439279 0.063459842 0.241749379 0.059469197 0.966433392
1745407697.131989 -2.613968689 -17.737165767 -7.391268439 0.104556383 0.389684568 0.129445748 0.905791200
1745407697.182215 -2.672983407 -17.825496261 -7.472543013 0.142705338 0.525107533 0.195418151 0.815909929
1745407697.232426 -2.703506916 -17.923104259 -7.560213859 0.176670419 0.643661209 0.255000939 0.699615846
1745407697.282588 -2.724492034 -18.021869244 -7.649002820 0.204908751 0.741546409 0.306031618 0.560772660
1745407697.332648 -2.754629078 -18.111159811 -7.744387900 0.227433374 0.815303365 0.347278652 0.403673161
1745407697.383224 -2.767476776 -18.204754794 -7.839572329 0.242920308 0.862470735 0.377657284 0.233471477
1745407697.433259 -2.780969690 -18.292203892 -7.940720572 0.250210534 0.882097021 0.395192978 0.055875257
1745407697.483945 -2.785063681 -18.370887882 -8.052032371 0.249816670 0.872967841 0.400333079 -0.123499821
1745407697.534078 -2.772122130 -18.456977218 -8.156640824 0.241086753 0.835625902 0.392892429 -0.298734110
1745407697.584822 -2.743553664 -18.536409000 -8.264779606 0.224484667 0.771623878 0.372159136 -0.464436005
1745407697.635800 -2.695927207 -18.629290133 -8.353823719 -0.200627924 -0.682549366 -0.339785955 0.615158763
1745407697.686558 -2.638146931 -18.738848296 -8.412092173 -0.170480892 -0.571291797 -0.296390041 0.746133294
1745407697.736767 -2.564967782 -18.851176693 -8.446475762 -0.135314712 -0.441871256 -0.242756620 0.852941349
1745407697.787374 -2.505633327 -18.975246308 -8.451204149 -0.096273827 -0.298308343 -0.180920097 0.932207810
1745407697.837590 -2.444957299 -19.095429349 -8.417176142 -0.054707247 -0.145260760 -0.112681386 0.981432287
1745407697.888261 -2.416773234 -19.218702589 -8.359872745 -0.011191476 0.012503402 -0.040985683 0.999018813
1745407697.938658 -2.422688598 -19.335035071 -8.281955232 0.034243544 0.170046445 0.031507189 0.984336773
1745407697.988869 -2.470255648 -19.441311915 -8.203930027 0.078500846 0.322002208 0.103033236 0.937835992
1745407698.039151 -2.550076612 -19.532456209 -8.131518622 0.119305546 0.463635627 0.171126179 0.861117892
1745407698.090151 -2.660211097 -19.607640927 -8.085467525 0.156194421 0.590367574 0.233717602 0.756601291
1745407698.140654 -2.792069886 -19.659634628 -8.070516465 0.187944632 0.698050125 0.288827816 0.627679323
1745407698.192131 -2.930488454 -19.691020111 -8.091499372 0.214390003 0.782958778 0.334891245 0.478393491
1745407698.242634 -3.060237023 -19.704090495 -8.152354479 0.233888476 0.842620562 0.370013977 0.313650166
1745407698.292648 -3.164766531 -19.707688875 -8.249110296 0.245498940 0.875332548 0.392731467 0.138871150
1745407698.343102 -3.233661044 -19.706825191 -8.373725582 0.249132600 0.879751959 0.402904445 -0.040465371
1745407698.393185 -3.267815459 -19.707595351 -8.511035563 0.244979785 0.855414741 0.400661931 -0.218450321
1745407698.443540 -3.257374719 -19.719494952 -8.651047798 0.232787835 0.803778946 0.384966190 -0.389294571
1745407698.494485 -3.209790504 -19.748366786 -8.780328064 -0.213157005 -0.726515818 -0.356429101 0.547446027
1745407698.544785 -3.125082856 -19.798236160 -8.881167723 -0.186221514 -0.625236980 -0.317437747 0.688210392
1745407698.595341 -3.022401001 -19.868135613 -8.947389172 -0.153228925 -0.503798823 -0.268141924 0.806726441
1745407698.645475 -2.919784609 -19.961399097 -8.971520720 -0.115147710 -0.366083691 -0.210678915 0.899076265
1745407698.695620 -2.832231609 -20.071862013 -8.959026873 -0.073260953 -0.216466597 -0.146602931 0.962435777
1745407698.746133 -2.771229880 -20.191869052 -8.916111868 -0.028617989 -0.059745910 -0.078154960 0.994737774
1745407698.796608 -2.735584855 -20.312942816 -8.850439909 0.016383374 0.098802330 -0.006841661 0.994948680
1745407698.846732 -2.736520638 -20.427872519 -8.765814185 0.060579212 0.254179183 0.064689277 0.963087950
1745407698.897284 -2.784530699 -20.527712485 -8.674963242 0.102582536 0.401445760 0.133948633 0.900208803
1745407698.947757 -2.872921084 -20.611417539 -8.599377270 0.140323772 0.535921286 0.198804151 0.808439561
1745407698.998131 -2.991290599 -20.677078199 -8.553146527 0.172994915 0.653169462 0.257321564 0.690816927
1745407699.048559 -3.126804228 -20.722053680 -8.544599688 0.200144968 0.749470290 0.307718666 0.550949634
1745407699.098728 -3.264729974 -20.746015614 -8.575563459 0.220626008 0.821848768 0.347877006 0.393535710
1745407699.148757 -3.388398034 -20.754646761 -8.647561116 0.234210199 0.867807708 0.376981996 0.223472457
1745407699.199691 -3.485797833 -20.752291244 -8.751734980 0.239729364 0.886443996 0.393203156 0.046240160
1745407699.249932 -3.545052140 -20.746744978 -8.881308295 0.237749491 0.876415224 0.397245191 -0.132543551
1745407699.300262 -3.560270655 -20.748455385 -9.022401707 0.227916078 0.838127339 0.388905116 -0.307163858
1745407699.350992 -3.530401099 -20.761293180 -9.160523431 0.210696393 0.772798197 0.368331984 -0.471933815
1745407699.401214 -3.457113779 -20.794178940 -9.277777638 -0.186505131 -0.682407782 -0.336431264 0.621570157
1745407699.451937 -3.356803336 -20.846415960 -9.363938226 -0.156413451 -0.570235450 -0.293427169 0.751176983
1745407699.502434 -3.243156922 -20.918144276 -9.411356860 -0.122090489 -0.440200615 -0.239870511 0.856609286
1745407699.553032 -3.132747894 -21.008053856 -9.416621187 -0.083809428 -0.295957773 -0.178830765 0.934561145
1745407699.603868 -3.042014169 -21.112857575 -9.380172826 -0.042063354 -0.141596790 -0.112512956 0.982609718
1745407699.654245 -2.979643770 -21.222142111 -9.311230660 -0.000039335 0.017030499 -0.041746722 0.998983069
1745407699.705235 -2.959397894 -21.329784299 -9.218192631 0.041561939 0.175027293 0.030664452 0.983207884
1745407699.755279 -2.982495219 -21.430110444 -9.118893369 0.083188821 0.327314089 0.101753649 0.935730358
1745407699.805997 -3.051434682 -21.515523909 -9.025864744 0.121854731 0.469135283 0.169512028 0.858096255
1745407699.856113 -3.158985851 -21.581448811 -8.955825153 0.156950957 0.595779837 0.231853434 0.752766078
1745407699.906232 -3.290842160 -21.627746067 -8.921608243 0.185488025 0.703671437 0.286313661 0.623269756
1745407699.956274 -3.433488532 -21.650465661 -8.929196067 0.208315134 0.788901949 0.331703141 0.473509817
1745407700.006906 -3.569643199 -21.650653844 -8.981504628 0.225605081 0.848162021 0.367118327 0.308135794
1745407700.056947 -3.680915248 -21.637678648 -9.074868534 0.235505006 0.880024677 0.390456695 0.132806359
1745407700.107055 -3.753320701 -21.613684952 -9.199960798 0.238228578 0.882999939 0.401715398 -0.046722485
1745407700.158410 -3.777409130 -21.590737168 -9.342843403 0.233237354 0.857411327 0.399941360 -0.224706614
1745407700.209091 -3.748997657 -21.580803539 -9.486927701 0.220874024 0.803928950 0.385509537 -0.395342012
1745407700.259563 -3.675295771 -21.586425230 -9.613376805 -0.201371924 -0.724360393 -0.358587571 0.553322983
1745407700.309825 -3.566350573 -21.614645758 -9.707773818 -0.175387547 -0.621387122 -0.319918508 0.693375368
1745407700.360614 -3.438275637 -21.665905794 -9.760618941 -0.143823022 -0.498325578 -0.270528562 0.811049230
1745407700.411963 -3.309796512 -21.738364544 -9.767358838 -0.107517712 -0.359088830 -0.212451541 0.902418692
1745407700.462310 -3.199952881 -21.829735243 -9.729590911 -0.068090474 -0.208381428 -0.147134862 0.964516563
1745407700.512517 -3.123372106 -21.931429599 -9.654588387 -0.026329163 -0.050878855 -0.077173161 0.995370494
1745407700.562689 -3.086680491 -22.031992927 -9.552998489 0.015620135 0.108045632 -0.004631938 0.994012423
1745407700.613081 -3.097511828 -22.124223251 -9.439273905 0.057687577 0.263608633 0.067808001 0.960512731
1745407700.663236 -3.159485416 -22.204835731 -9.332594270 0.098157104 0.410678114 0.138263045 0.895874991
1745407700.713721 -3.262348626 -22.266098328 -9.247528124 0.135280689 0.544315519 0.204503070 0.802245751
1745407700.764380 -3.394067805 -22.304115729 -9.196038887 0.167627065 0.660365777 0.264095018 0.682694682
1745407700.815013 -3.539431725 -22.319262775 -9.187628723 0.195074887 0.754905262 0.315243946 0.541003779
1745407700.865259 -3.681502963 -22.313770666 -9.224972713 0.215771936 0.825298345 0.355765821 0.381779772
1745407700.915857 -3.802319330 -22.292843949 -9.306041881 0.229516564 0.868961431 0.384728959 0.210266036
1745407700.965922 -3.888163429 -22.261800233 -9.421987533 0.235710420 0.884587894 0.401162285 0.031838295
1745407701.016066 -3.927452502 -22.231928178 -9.561113604 0.234757626 0.870905917 0.405652016 -0.147845130
1745407701.067022 -3.914950925 -22.205902999 -9.705577733 0.225924520 0.829128760 0.396778328 -0.322599704
1745407701.118017 -3.856466064 -22.191831800 -9.840664268 0.209662834 0.760605782 0.374885350 -0.486807266
1745407701.168849 -3.756705147 -22.197179866 -9.949644453 -0.186715729 -0.667812098 -0.340217953 0.635150362
1745407701.219134 -3.629601306 -22.230678735 -10.019609936 -0.157462397 -0.553619312 -0.294053116 0.763049157
1745407701.269624 -3.494019789 -22.287314266 -10.043714279 -0.123127989 -0.421519174 -0.238248310 0.866255636
1745407701.320282 -3.368963451 -22.364509203 -10.021733977 -0.084562552 -0.275755098 -0.174765525 0.941416652
1745407701.370729 -3.270559633 -22.455548082 -9.957468014 -0.043057045 -0.120987445 -0.105697303 0.986071097
1745407701.421769 -3.215807863 -22.553052138 -9.860143441 0.000123131 0.037827780 -0.033650684 0.998717515
1745407701.472050 -3.206107026 -22.647909140 -9.746067173 0.044016202 0.195450867 0.038896595 0.978952801
1745407701.523046 -3.250295803 -22.733012930 -9.631920592 0.086443847 0.346636574 0.110142975 0.927490740
1745407701.573658 -3.339555952 -22.799251494 -9.532587132 0.126381740 0.486502783 0.177775150 0.846013413
1745407701.623858 -3.464270674 -22.843187977 -9.463862062 0.162409115 0.610560275 0.239741256 0.737131983
1745407701.674825 -3.608720112 -22.862284964 -9.436810128 0.193487385 0.714692396 0.294255161 0.604310608
1745407701.725196 -3.755575112 -22.859174046 -9.456359930 0.218245663 0.795696168 0.339184226 0.451874429
1745407701.775637 -3.887554440 -22.840218696 -9.522100759 0.234690130 0.851638037 0.372084776 0.284931775
1745407701.826160 -3.988309615 -22.810384964 -9.627284285 0.243524189 0.880040532 0.392913557 0.108828161
1745407701.876327 -4.044294527 -22.779769455 -9.760319423 0.244001373 0.880403666 0.400444442 -0.070689208
1745407701.926813 -4.051127028 -22.754622058 -9.905344862 0.236600360 0.852424895 0.394903982 -0.247876810
1745407701.977054 -4.008153984 -22.744881355 -10.045252940 0.221569366 0.797517035 0.375643415 -0.416852035
1745407702.027447 -3.923134483 -22.754664469 -10.164416755 -0.199393913 -0.717139376 -0.343925065 0.572423561
1745407702.078158 -3.807541272 -22.786225567 -10.249524176 -0.170724112 -0.613496735 -0.301880140 0.709466994
1745407702.129111 -3.676945944 -22.838936523 -10.290687932 -0.136643638 -0.490040245 -0.250574737 0.823651247
1745407702.179836 -3.549799773 -22.911842096 -10.285328244 -0.098080991 -0.350721495 -0.191429472 0.911443531
1745407702.229898 -3.440321234 -22.997631705 -10.238496161 -0.055570695 -0.199833166 -0.126790769 0.970001394
1745407702.279963 -3.364878577 -23.091472781 -10.154533807 -0.010991027 -0.042425719 -0.058215317 0.997341583
1745407702.330318 -3.338798683 -23.187104602 -10.046902446 0.033333531 0.116238559 0.012368953 0.992584748
1745407702.380344 -3.362015624 -23.274602415 -9.931940506 0.076676830 0.271213009 0.082512714 0.955905759
1745407702.430440 -3.430846127 -23.346184069 -9.824499653 0.116708288 0.417430214 0.150381239 0.888547508
1745407702.481806 -3.539950970 -23.398790874 -9.743432603 0.152800935 0.550282357 0.213294961 0.792683077
1745407702.531806 -3.676419938 -23.428195461 -9.700450568 0.183228704 0.665719602 0.269192631 0.671401505
1745407702.581859 -3.822738358 -23.437498687 -9.701903170 0.208010625 0.759799169 0.316375064 0.528529679
1745407702.631975 -3.961151278 -23.427956370 -9.749703616 0.225794124 0.829627803 0.353255431 0.368707639
1745407702.682123 -4.072202287 -23.408040873 -9.843045110 0.236507722 0.872630451 0.379207164 0.196931767
1745407702.732509 -4.143841836 -23.383512871 -9.968880043 0.239804220 0.887538767 0.392949600 0.018960075
1745407702.782824 -4.168172503 -23.362459278 -10.112235979 0.235382052 0.874033365 0.393931168 -0.159622055
1745407702.832996 -4.146213713 -23.348170026 -10.256355688 0.223528362 0.832339367 0.382450447 -0.333133464
1745407702.883733 -4.079302407 -23.349434996 -10.386977672 0.204495491 0.764183029 0.358227795 -0.495861613
1745407702.934536 -3.976243220 -23.373802250 -10.488627785 -0.178886142 -0.671261621 -0.323106477 0.642658377
1745407702.984802 -3.851669950 -23.422168929 -10.549977076 -0.147292480 -0.556724057 -0.277453150 0.769014304
1745407703.035882 -3.722713983 -23.491077184 -10.565566321 -0.110868602 -0.424219998 -0.223056026 0.870627105
1745407703.086036 -3.605288920 -23.574092086 -10.536135987 -0.072077599 -0.278394542 -0.160663173 0.944186763
1745407703.136654 -3.516601686 -23.669692873 -10.468283323 -0.031010420 -0.123666623 -0.093108643 0.987459215
1745407703.186778 -3.467961316 -23.768413313 -10.370950301 0.010894562 0.034876931 -0.022553114 0.999077707
1745407703.236866 -3.467930808 -23.863990070 -10.257753864 0.052559749 0.192526249 0.048546727 0.978679892
1745407703.287151 -3.532127062 -23.973150007 -10.112218925 0.092448603 0.343927064 0.118126889 0.926937683
1745407703.337268 -3.655017788 -24.058570793 -9.991609447 0.130199719 0.484238881 0.183938087 0.845415590
1745407703.387524 -3.820581667 -24.115878627 -9.912387538 0.163729894 0.609012415 0.243580626 0.736861506
1745407703.437938 -4.008939666 -24.143839819 -9.892089060 0.192316547 0.714104873 0.295526733 0.604758237
1745407703.488652 -4.205209273 -24.130518961 -9.913985639 0.214817381 0.797031221 0.337509966 0.452417671
1745407703.538757 -4.383194359 -24.105811129 -9.996687270 0.229549919 0.854253303 0.368263833 0.286251425
1745407703.589313 -4.660716543 -24.029512769 -10.264529610 0.236838572 0.884463838 0.386273529 0.111462866
1745407703.640481 -4.735946512 -23.978368869 -10.441546456 0.233472327 0.889942837 0.385971186 -0.067221004
1745407703.691016 -4.773213793 -23.907373331 -10.830296085 0.221383201 0.867885243 0.372112834 -0.243509183
1745407703.741946 -4.675321395 -23.857467926 -11.220113489 0.201975652 0.818540481 0.346464075 -0.411290606
1745407703.791967 -4.565539185 -23.860863203 -11.390440062 -0.176192813 -0.743360622 -0.309870535 0.565995875
1745407703.843177 -4.405651761 -23.881726555 -11.510756522 -0.145888419 -0.645885080 -0.260536851 0.702616241
1745407703.893699 -4.031875244 -23.979043210 -11.623760655 -0.110913118 -0.527534917 -0.204110378 0.817156133
1745407703.944507 -3.659309522 -24.129792877 -11.604644738 -0.071864539 -0.392146281 -0.142174307 0.906004000
1745407703.995479 -3.498529409 -24.214673150 -11.531813102 -0.031599550 -0.245130360 -0.073419476 0.966189503
1745407704.045613 -3.263581363 -24.402256233 -11.281658015 0.009663180 -0.090442348 -0.002333900 0.995852076
1745407704.095907 -3.207275282 -24.496954796 -11.115263395 0.050295284 0.066872150 0.068314334 0.994148707
1745407704.146000 -3.210790971 -24.635598650 -10.739075580 0.090507185 0.222074964 0.136708969 0.961146096
1745407704.196115 -3.278978144 -24.683547511 -10.555564726 0.131031357 0.369781217 0.200626013 0.897686938
1745407704.248466 -3.531480426 -24.718394428 -10.244150978 0.167418606 0.505812917 0.258208983 0.805886111
1745407704.298770 -3.699969770 -24.701461987 -10.134888633 0.197943657 0.626076122 0.307420629 0.688723134
1745407704.349247 -4.069947486 -24.577436229 -10.017504849 0.222183499 0.726457991 0.346977246 0.550000064
1745407704.401010 -4.253660808 -24.497324391 -10.040552789 0.238205733 0.804453025 0.375038091 0.394283895
1745407704.452145 -4.408660315 -24.401242959 -10.126790355 0.246484984 0.857482910 0.390803698 0.226364048
1745407704.502150 -4.630342946 -24.205265354 -10.399255905 0.246012612 0.884323853 0.393434468 0.051560038
1745407704.552320 -4.735088960 -23.979862406 -10.724171886 0.238423544 0.882836348 0.384834656 -0.125125873
1745407704.603178 -4.705841950 -23.792090498 -11.078497679 0.223515388 0.853901800 0.363770886 -0.297595918
1745407704.653544 -4.546211331 -23.607918017 -11.401880627 0.202077345 0.797307743 0.333042172 -0.461029307
1745407704.704834 -4.401923286 -23.567203578 -11.538078275 -0.174267588 -0.715246497 -0.293508853 0.609840806
1745407704.754884 -4.216629412 -23.563499604 -11.622765955 -0.141074736 -0.610123614 -0.245884616 0.739856642
1745407704.805789 -4.015415431 -23.589056963 -11.644535158 -0.102861293 -0.485423109 -0.191922306 0.846728875
1745407704.855846 -3.821325236 -23.629719423 -11.601749144 -0.061393351 -0.345449791 -0.131894500 0.927091764
1745407704.906175 -3.657224515 -23.685403094 -11.496469712 -0.018220326 -0.194684041 -0.067436095 0.978375448
1745407704.956845 -3.544220331 -23.745354239 -11.339490799 0.026771493 -0.037801391 -0.001643204 0.998925243
1745407705.007083 -3.488023117 -23.789592011 -11.150013457 0.068673564 0.120384059 0.065400731 0.988187414
1745407705.058047 -3.496812874 -23.815019378 -10.950762900 0.109965684 0.274771632 0.130064319 0.946304059
1745407705.108316 -3.572491718 -23.818964532 -10.764568196 0.147861619 0.420458110 0.190558895 0.874665208
1745407705.159294 -3.701788067 -23.794472171 -10.612600479 0.181120983 0.552861706 0.245070281 0.775551211
1745407705.209965 -3.865701898 -23.740267404 -10.508912055 0.209474118 0.667701850 0.292058057 0.651917882
1745407705.260214 -4.036377055 -23.645407822 -10.459140149 0.231964463 0.761215984 0.330304310 0.507584256
1745407705.310644 -4.197000210 -23.525483780 -10.470803143 0.247803843 0.830344943 0.358677309 0.347089498
1745407705.361721 -4.333406925 -23.397430220 -10.551726326 0.254398830 0.874089159 0.374521593 0.176019753
1745407705.411995 -4.420020796 -23.265776236 -10.680945220 0.253177835 0.890202059 0.378735983 -0.000577092
1745407705.462998 -4.443613868 -23.140379670 -10.839333189 0.243790363 0.878677768 0.370229054 -0.177262760
1745407705.513731 -4.400115013 -23.032521343 -11.006169291 0.226752957 0.839425969 0.350095170 -0.348397060
1745407705.564023 -4.322088898 -22.955195465 -11.117641085 -0.201909361 -0.773992514 -0.318446088 0.508684860
1745407705.614571 -4.170362659 -22.881353795 -11.229963816 -0.170805498 -0.684445402 -0.275834551 0.652897598
1745407705.664824 -3.980276463 -22.863515512 -11.299477059 -0.134950505 -0.573597040 -0.223906703 0.776299289
1745407705.715389 -3.779436717 -22.859317366 -11.309533954 -0.096034828 -0.445749144 -0.162340867 0.875060258
1745407705.765576 -3.586266377 -22.878041912 -11.256591648 -0.054609969 -0.304002782 -0.095283551 0.946319769
1745407705.816344 -3.459558153 -22.907510700 -11.170817239 -0.013151414 -0.153222887 -0.024147665 0.987809029
1745407705.866432 -3.336326533 -22.939915075 -11.011393657 0.027606420 0.002022510 0.048487396 0.998440167
1745407705.916529 -3.295759861 -22.975675101 -10.864294927 0.068174838 0.157179453 0.118913326 0.978011468
1745407705.967463 -3.313120357 -23.010275968 -10.664726279 0.108039714 0.307978835 0.185456529 0.926866945
1745407706.018046 -3.375777303 -23.016713894 -10.521836994 0.144632010 0.449032352 0.246526130 0.846567419
1745407706.068515 -3.479398615 -22.999730859 -10.406528969 0.179351568 0.575822414 0.299882088 0.739142946
1745407706.118901 -3.604173482 -22.952431442 -10.325848632 0.210060480 0.684194918 0.343936361 0.607831958
1745407706.169547 -3.739217588 -22.883514892 -10.295201803 0.233696027 0.770769978 0.376869345 0.457459620
1745407706.220273 -3.868363840 -22.806810289 -10.328415018 0.248514297 0.833594246 0.396834446 0.293059209
1745407706.270966 -3.969167232 -22.713391038 -10.394943497 0.254516342 0.870787591 0.403403579 0.119230684
1745407706.322011 -4.029450363 -22.625389485 -10.504023865 0.252538319 0.880347855 0.397239573 -0.058418940
1745407706.372957 -4.040994506 -22.545497203 -10.633681490 0.242503274 0.862182708 0.378172129 -0.234134535
1745407706.423090 -4.000768218 -22.486842166 -10.770474198 0.224682091 0.816589764 0.347499832 -0.402421398
1745407706.474002 -3.914845647 -22.443671594 -10.891301884 -0.199633460 -0.745499918 -0.305151326 0.557905926
1745407706.524647 -3.791042310 -22.437022180 -10.986478308 -0.168658825 -0.651192704 -0.252368039 0.695566414
1745407706.574726 -3.645325374 -22.454333898 -11.038846637 -0.132253986 -0.536337723 -0.191609093 0.811256239
1745407706.625564 -3.495968550 -22.498886556 -11.039036963 -0.090979786 -0.403993965 -0.125835269 0.901486018
1745407706.675780 -3.366061193 -22.566090790 -10.991100928 -0.048324164 -0.259308661 -0.054867041 0.963023053
1745407706.726619 -3.267813896 -22.641377619 -10.899634714 -0.004273289 -0.106394040 0.017937478 0.994153054
1745407706.776781 -3.215561547 -22.713483453 -10.777744408 0.039889829 0.050005668 0.090576396 0.993833060
1745407706.827142 -3.213563318 -22.774892388 -10.639924861 0.083364817 0.204718706 0.160209385 0.962015339
1745407706.877627 -3.263065902 -22.816924549 -10.503995447 0.123881127 0.353347920 0.224637351 0.899631466
1745407706.928155 -3.361643287 -22.838545425 -10.391806029 0.161834688 0.490293324 0.282083750 0.808610381
1745407706.978777 -3.493916572 -22.837419359 -10.315731135 0.194457374 0.611292112 0.330686702 0.692209931
1745407707.029088 -3.641426196 -22.811883891 -10.285972419 0.221228893 0.712856329 0.368811487 0.553960033
1745407707.080035 -3.784426828 -22.762838309 -10.303970730 0.240008531 0.792433074 0.394741377 0.398277508
1745407707.130361 -3.907136786 -22.699515381 -10.371219523 0.251173994 0.847018603 0.408236296 0.229813484
1745407707.180559 -3.994306741 -22.636208002 -10.480113101 0.254905874 0.874297760 0.409525824 0.053990935
1745407707.230958 -4.035718415 -22.579167758 -10.617188385 0.250496619 0.873909217 0.397905592 -0.123309625
1745407707.281203 -4.025525501 -22.535995520 -10.764792454 0.238404210 0.845693004 0.374061079 -0.296723920
1745407707.331806 -3.965387169 -22.510012592 -10.902545819 0.218509456 0.791578867 0.336838590 -0.460647674
1745407707.382111 -3.863851033 -22.509988704 -11.017865837 -0.191953127 -0.712484833 -0.288605036 0.610103674
1745407707.432323 -3.734473719 -22.539470582 -11.095605168 -0.159057392 -0.610604496 -0.231753514 0.740373692
1745407707.482749 -3.593656125 -22.590382065 -11.126973579 -0.121845305 -0.489844299 -0.166330075 0.847077677
1745407707.534149 -3.459061244 -22.660923850 -11.109234898 -0.080776400 -0.353544648 -0.095947488 0.926971108
1745407707.584444 -3.345600142 -22.742188741 -11.046925293 -0.036495202 -0.205787385 -0.022978250 0.977645975
1745407707.635405 -3.269163444 -22.827093771 -10.945457257 0.008823039 -0.051510791 0.050928023 0.997334011
1745407707.686070 -3.239694152 -22.906993476 -10.817659978 0.054913611 0.104469657 0.122609632 0.985412332
1745407707.736991 -3.261576612 -22.971766734 -10.680143935 0.099353626 0.257193688 0.190446123 0.942183920
