1745407684.847602 -0.009100000 0.004200000 -0.146500006 -0.000000726 -0.000032469 -0.129665272 0.991557823
1745407684.898371 -0.009600000 0.003800000 -0.120899998 -0.000008855 -0.000034046 -0.129729307 0.991549447
1745407684.948536 -0.078699999 0.017100001 -0.226400003 -0.000036434 -0.000029554 -0.129833142 0.991535856
1745407684.999440 -0.214399993 0.049199998 -0.394800007 -0.000078680 -0.000016093 -0.129930041 0.991523161
1745407685.049989 -0.747399986 0.192100003 -0.752799988 -0.000393246 0.000101878 -0.130366957 0.991465729
1745407685.100162 -1.181599975 0.310799986 -0.807600021 -0.000880057 0.000294814 -0.130820133 0.991405685
1745407685.150361 -1.445199966 0.380600005 -0.731500030 -0.001440875 0.000519874 -0.131173560 0.991358235
1745407685.200694 -1.730599999 0.454299986 -0.572099984 -0.002224573 0.000835713 -0.131545458 0.991307291
1745407685.251619 -2.098200083 0.546500027 -0.351599991 -0.003411436 0.001316481 -0.131841616 0.991264050
1745407685.301971 -2.285000086 0.593599975 -0.263399988 -0.004033762 0.001567808 -0.131936036 0.991248785
1745407685.352192 -2.984400034 0.772199988 -0.099399999 -0.006344975 0.002509980 -0.132032290 0.991221931
1745407685.403500 -3.570800066 0.922299981 -0.088100001 -0.008306306 0.003303159 -0.132045558 0.991203342
1745407685.454810 -3.746400118 0.967400014 -0.094300002 -0.008933880 0.003554947 -0.132046111 0.991196939
1745407685.505618 -4.372700214 1.127699971 -0.130500004 -0.011317439 0.004514668 -0.132066360 0.991165985
1745407685.555714 -4.763500214 1.227499962 -0.147699997 -0.013035995 0.005205485 -0.132092334 0.991138023
1745407685.605799 -5.385099888 1.386399984 -0.153699994 -0.016180281 0.006470848 -0.132135312 0.991078496
1745407685.656396 -5.936100006 1.527099967 -0.132300004 -0.019469017 0.007792014 -0.132173721 0.991004717
1745407685.707750 -6.355100155 1.633900046 -0.088200003 -0.022410544 0.008969688 -0.132179835 0.990931785
1745407685.758142 -6.676400185 1.716599941 -0.037900001 -0.025019111 0.010009982 -0.132159928 0.990862048
1745407685.809113 -6.976200104 1.796200037 0.013300000 -0.027784660 0.011112791 -0.132110589 0.990783180
1745407685.859297 -7.236800194 1.865100026 0.052200001 -0.030423571 0.012161109 -0.132044026 0.990702220
1745407685.910138 -7.600999832 1.964100003 0.089400001 -0.034559977 0.013807870 -0.131907741 0.990563122
1745407685.960261 -7.815400124 2.023900032 0.101000004 -0.037296314 0.014899478 -0.131811260 0.990460894
1745407686.010842 -8.133600235 2.115299940 0.106200002 -0.041962237 0.016767062 -0.131634872 0.990267790
1745407686.061911 -8.346799850 2.179199934 0.101300001 -0.045731858 0.018284296 -0.131495950 0.990092469
1745407686.111971 -8.503299713 2.227699995 0.094999999 -0.048981858 0.019597112 -0.131377707 0.989927588
1745407686.162457 -8.610099792 2.263799906 0.088500001 -0.051620353 0.020671585 -0.131285123 0.989783937
1745407686.213091 -8.744899750 2.310400009 0.081799999 -0.055480292 0.022248067 -0.131145592 0.989559394
1745407686.263375 -8.892399788 2.365099907 0.074299999 -0.060831606 0.024449728 -0.130967399 0.989216491
1745407686.313718 -8.960599899 2.392199993 0.073299997 -0.063887994 0.025712649 -0.130861291 0.989005817
1745407686.364697 -9.043600082 2.428299904 0.077600002 -0.068571791 0.027655028 -0.130695877 0.988661568
1745407686.415451 -9.093700409 2.449800014 0.084399998 -0.071567765 0.028901106 -0.130562598 0.988431176
1745407686.466262 -9.128399849 2.465399981 0.088200003 -0.074307854 0.030036011 -0.130462870 0.988208288
1745407686.517213 -9.171299934 2.485100031 0.096400000 -0.078015049 0.031576044 -0.130320991 0.987893236
1745407686.567884 -9.226400375 2.511499882 0.108999997 -0.083211607 0.033746464 -0.130066108 0.987430915
1745407686.618806 -9.251899719 2.524499893 0.115099996 -0.085955982 0.034895096 -0.129927275 0.987174151
1745407686.669102 -9.291500092 2.544300079 0.125499994 -0.090622755 0.036846010 -0.129664206 0.986720366
1745407686.720230 -9.321999550 2.559999943 0.132499993 -0.094610060 0.038516198 -0.129430845 0.986312879
1745407686.770878 -9.345899582 2.571700096 0.137500003 -0.097785691 0.039845777 -0.129224189 0.985977374
1745407686.821537 -9.378299713 2.585999966 0.145600006 -0.102375588 0.041768567 -0.128907971 0.985473166
1745407686.871807 -9.405099869 2.598099947 0.152799994 -0.106667011 0.043561256 -0.128598919 0.984980651
1745407686.921992 -9.413700104 2.601999998 0.154300004 -0.108000453 0.044119824 -0.128500037 0.984823377
1745407686.972240 -9.439800262 2.612299919 0.159999996 -0.112454164 0.045978402 -0.128150527 0.984285269
1745407687.022886 -9.468000412 2.622800112 0.165800005 -0.117363372 0.048028098 -0.127742643 0.983667097
1745407687.073043 -9.485500336 2.629400015 0.167899996 -0.120350000 0.049276726 -0.127477623 0.983278769
1745407687.123993 -9.510999680 2.638999939 0.172299996 -0.124416547 0.050977955 -0.127093026 0.982735536
1745407687.174721 -9.527099609 2.645299911 0.174199998 -0.127422954 0.052235197 -0.126802714 0.982321712
1745407687.224893 -9.551300049 2.653700113 0.175099999 -0.131282116 0.053848744 -0.126411758 0.981776648
1745407687.275100 -9.580300331 2.663300037 0.176799998 -0.136507083 0.056020022 -0.125859602 0.981013218
1745407687.326082 -9.598999977 2.668499947 0.175500005 -0.139842821 0.057405026 -0.125497519 0.980509572
1745407687.376668 -9.614600182 2.672800064 0.175799996 -0.142520844 0.058517589 -0.125191400 0.980097247
1745407687.427679 -9.640299797 2.680099964 0.175300002 -0.147192220 0.060456083 -0.124644994 0.979358534
1745407687.477853 -9.655799866 2.684600115 0.173500001 -0.150411520 0.061792033 -0.124256740 0.978835217
1745407687.528256 -9.678700447 2.690700054 0.170499995 -0.155023171 0.063705118 -0.123685597 0.978065104
1745407687.578278 -9.694499969 2.693599939 0.166199997 -0.158478738 0.065136697 -0.123249691 0.977471848
1745407687.628643 -9.714599609 2.699199915 0.162000000 -0.162424905 0.066769907 -0.122735287 0.976778367
1745407687.679049 -9.727800369 2.702100039 0.159299999 -0.165277748 0.067946180 -0.122357558 0.976265953
1745407687.729553 -9.753999710 2.709000111 0.154300004 -0.170636096 0.070155335 -0.121624515 0.975278949
1745407687.779643 -9.772600174 2.713700056 0.151600003 -0.174689219 0.071821861 -0.121053552 0.974510818
1745407687.830230 -9.789600372 2.718600035 0.149200007 -0.178374989 0.073337154 -0.120519539 0.973796214
1745407687.880872 -9.810700417 2.722599983 0.145300001 -0.183383994 0.075382956 -0.119784868 0.972799725
1745407687.931353 -9.824099541 2.725800037 0.143000007 -0.186143359 0.076513049 -0.119366661 0.972238656
1745407687.982041 -9.844699860 2.729899883 0.138600007 -0.190865895 0.078446515 -0.118638850 0.971257524
1745407688.032932 -9.859600067 2.733400106 0.136099994 -0.194186637 0.079805919 -0.118115653 0.970552038
1745407688.083627 -9.880000114 2.737699986 0.131200001 -0.198926725 0.081736444 -0.117351927 0.969523510
1745407688.133818 -9.891400337 2.740999937 0.128199995 -0.202162775 0.083051437 -0.116822790 0.968806021
1745407688.184184 -9.910799980 2.744600058 0.123099998 -0.206525189 0.084824722 -0.116093912 0.967819361
1745407688.234949 -9.933799744 2.748699903 0.116999999 -0.211771843 0.086947362 -0.115200585 0.966603159
1745407688.285157 -9.945599556 2.750200033 0.113100000 -0.214480659 0.088038447 -0.114732228 0.965962626
1745407688.335736 -9.959300041 2.752899885 0.109300002 -0.217677275 0.089329593 -0.114172449 0.965195048
1745407688.385896 -9.980400085 2.755700111 0.102700002 -0.223106198 0.091518421 -0.113199628 0.963864019
1745407688.436540 -9.990400314 2.757999897 0.099100001 -0.225506584 0.092486858 -0.112763235 0.963263938
1745407688.487002 -10.011500359 2.761300087 0.093000002 -0.231038066 0.094705089 -0.111741498 0.961855600
1745407688.537541 -10.028599739 2.762599945 0.086099997 -0.235614868 0.096537294 -0.110881858 0.960661959
1745407688.587735 -10.039899826 2.763600111 0.081799999 -0.238832009 0.097822340 -0.110267782 0.959807834
1745407688.638140 -10.051600456 2.765300035 0.078000002 -0.241891686 0.099046346 -0.109678616 0.958983230
1745407688.688605 -10.061100006 2.766099930 0.075199999 -0.244789576 0.100194307 -0.109111283 0.958193035
1745407688.739514 -10.078300476 2.768199921 0.071900003 -0.249784713 0.102176050 -0.108121368 0.956805843
1745407688.789750 -10.096699715 2.768899918 0.066000000 -0.255266408 0.104338688 -0.107010057 0.955249364
1745407688.840317 -10.104200363 2.769500017 0.063199997 -0.257363769 0.105164289 -0.106579795 0.954643970
1745407688.891804 -10.121899605 2.770800114 0.056600001 -0.262688237 0.107259459 -0.105478090 0.953081671
1745407688.941857 -10.137000084 2.771399975 0.052499998 -0.267527524 0.109156462 -0.104457569 0.951631497
1745407688.991915 -10.147800446 2.772300005 0.049199998 -0.271153456 0.110578681 -0.103679534 0.950525493
1745407689.042862 -10.161499977 2.773999929 0.045200001 -0.275906673 0.112440834 -0.102645814 0.949050264
1745407689.093009 -10.171999931 2.775700092 0.041299999 -0.279449199 0.113827745 -0.101864900 0.947931924
1745407689.143384 -10.183600426 2.777299881 0.036800001 -0.283635228 0.115462691 -0.100930323 0.946589929
1745407689.194156 -10.192999840 2.778100014 0.034499999 -0.286692986 0.116654396 -0.100236339 0.945595876
1745407689.244634 -10.206199646 2.779299974 0.031599998 -0.291360372 0.118470386 -0.099165061 0.944055185
1745407689.295648 -10.221099854 2.780499935 0.030300001 -0.296515632 0.120461834 -0.097964698 0.942321784
1745407689.346094 -10.227899551 2.781100035 0.028700000 -0.298770450 0.121331237 -0.097432949 0.941552850
1745407689.396802 -10.240699768 2.782399893 0.024300000 -0.302878313 0.122914627 -0.096450331 0.940135126
1745407689.447652 -10.258899689 2.783799887 0.020000000 -0.308436522 0.125053902 -0.095100026 0.938181442
1745407689.498098 -10.265899658 2.784300089 0.017899999 -0.310854803 0.125982869 -0.094504316 0.937318805
1745407689.548699 -10.279999733 2.785700083 0.014800000 -0.315765248 0.127869073 -0.093286458 0.935542327
1745407689.599438 -10.295100212 2.787499905 0.008900000 -0.321237032 0.129955341 -0.091901372 0.933526923
1745407689.649738 -10.302499771 2.788500071 0.008000000 -0.323891379 0.130965162 -0.091221325 0.932534809
1745407689.700076 -10.314499855 2.788500071 0.005700000 -0.329022125 0.132904368 -0.089895276 0.930591054
1745407689.750396 -10.321000099 2.787899971 0.005200000 -0.331905846 0.133992904 -0.089142116 0.929482703
1745407689.800607 -10.329299927 2.788399935 0.002400000 -0.335416821 0.135322856 -0.088212599 0.928117351
1745407689.851917 -10.341099739 2.788800001 -0.001200000 -0.340361947 0.137189694 -0.086885791 0.926166072
1745407689.901976 -10.353099823 2.789499998 -0.001200000 -0.345316055 0.139047708 -0.085535629 0.924178669
1745407689.952211 -10.360500336 2.789400101 -0.003000000 -0.348267520 0.140153564 -0.084722941 0.922978188
1745407690.002889 -10.370300293 2.789599895 -0.004900000 -0.352329426 0.141673226 -0.083590129 0.921306335
1745407690.052933 -10.379699707 2.789700031 -0.006600000 -0.356468467 0.143216893 -0.082422945 0.919579041
1745407690.103225 -10.390800476 2.791199923 -0.006600000 -0.360930478 0.144878780 -0.081141732 0.917690225
1745407690.154035 -10.399600029 2.791699886 -0.007800000 -0.364589646 0.146234710 -0.080081469 0.916120493
1745407690.204366 -10.409799576 2.791899920 -0.009800000 -0.368244433 0.147578092 -0.079011766 0.914534792
1745407690.254435 -10.419199944 2.792500019 -0.013300000 -0.371893593 0.148917179 -0.077934578 0.912932106
1745407690.304724 -10.425700188 2.792000055 -0.014400000 -0.374586601 0.149902593 -0.077129494 0.911737425
1745407690.355451 -10.438899994 2.792299986 -0.016400000 -0.379963899 0.151866289 -0.075508328 0.909319833
1745407690.405593 -10.450099945 2.792099953 -0.018999999 -0.384849280 0.153646288 -0.074010978 0.907086669
1745407690.455766 -10.455699921 2.791800022 -0.020900000 -0.387525964 0.154617360 -0.073184285 0.905848309
1745407690.506715 -10.469300270 2.792399883 -0.021500001 -0.393812075 0.156889681 -0.071214488 0.902898762
1745407690.557083 -10.471599579 2.792500019 -0.021400001 -0.395302899 0.157426720 -0.070742642 0.902190626
1745407690.608565 -10.481200218 2.792399883 -0.021100000 -0.399788878 0.159035976 -0.069306707 0.900040550
1745407690.659280 -10.492600441 2.792500019 -0.022800000 -0.405361913 0.161024693 -0.067502028 0.897327278
1745407690.709471 -10.500399590 2.792799950 -0.022000000 -0.408424513 0.162106788 -0.066495875 0.895817562
1745407690.760037 -10.507900238 2.792799950 -0.022299999 -0.411404749 0.163156523 -0.065508972 0.894334756
1745407690.810208 -10.519499779 2.791800022 -0.022399999 -0.416105485 0.164798602 -0.063936497 0.891969602
1745407690.860880 -10.530400276 2.791699886 -0.021800000 -0.420481875 0.166319729 -0.062457301 0.889736942
1745407690.912199 -10.538100243 2.791699886 -0.022000000 -0.423609329 0.167398007 -0.061386403 0.888124289
1745407690.963510 -10.550700188 2.791399956 -0.025200000 -0.428210031 0.168979984 -0.059796038 0.885723641
1745407691.013768 -10.557399750 2.791399956 -0.026500000 -0.430698568 0.169833692 -0.058926358 0.884411072
1745407691.064412 -10.570699692 2.791899920 -0.030500000 -0.436289703 0.171745700 -0.056953407 0.881425561
1745407691.114455 -10.577199936 2.791800022 -0.030900000 -0.439156988 0.172724790 -0.055931945 0.879874368
1745407691.165627 -10.583600044 2.791699886 -0.031399999 -0.442255640 0.173777923 -0.054817252 0.878183495
1745407691.216001 -10.599900246 2.791599989 -0.035900000 -0.448450451 0.175870822 -0.052560626 0.874756554
1745407691.266101 -10.607399940 2.791800022 -0.036699999 -0.451844120 0.177013190 -0.051312304 0.872851803
1745407691.317341 -10.614299774 2.791800022 -0.038100000 -0.454851295 0.178023264 -0.050193910 0.871147857
1745407691.367593 -10.621600151 2.792000055 -0.037700001 -0.459387017 0.179538197 -0.048491920 0.868549445
1745407691.418542 -10.626999855 2.792500019 -0.037400000 -0.462304282 0.180507502 -0.047385266 0.866860098
1745407691.468754 -10.637599945 2.793200016 -0.037799999 -0.467660977 0.182276891 -0.045332972 0.863720596
1745407691.519453 -10.642299652 2.793600082 -0.036499999 -0.470103944 0.183078309 -0.044388124 0.862272758
1745407691.570442 -10.652199745 2.793100119 -0.037599999 -0.474816982 0.184618104 -0.042552633 0.859449977
1745407691.620965 -10.661800385 2.793299913 -0.036800001 -0.479380572 0.186097399 -0.040743533 0.856680798
1745407691.671628 -10.669500351 2.793400049 -0.037200000 -0.482713913 0.187171734 -0.039410199 0.854634926
1745407691.721858 -10.677300453 2.794100046 -0.037599999 -0.486349478 0.188337326 -0.037935167 0.852381464
1745407691.772288 -10.687700272 2.794699907 -0.037799999 -0.491185529 0.189875476 -0.035954282 0.849347614
1745407691.823538 -10.693900108 2.794300079 -0.038800001 -0.494198088 0.190825880 -0.034711448 0.847436634
1745407691.873710 -10.700099945 2.793999910 -0.039000001 -0.497207352 0.191769433 -0.033458994 0.845511579
1745407691.923952 -10.707400322 2.793200016 -0.039700001 -0.500650476 0.192836653 -0.032019990 0.843289895
1745407691.974755 -10.717499733 2.791599989 -0.040300000 -0.506088720 0.194513674 -0.029727966 0.839735010
1745407692.025482 -10.723799706 2.790299892 -0.040800001 -0.509429969 0.195536317 -0.028304329 0.837523444
1745407692.075885 -10.733400345 2.788500071 -0.044000000 -0.514166414 0.196976894 -0.026267460 0.834351858
1745407692.126181 -10.741800308 2.787199974 -0.046599999 -0.518517802 0.198289055 -0.024375360 0.831400373
1745407692.177017 -10.743700027 2.786999941 -0.046399999 -0.519987886 0.198730780 -0.023731743 0.830394774
1745407692.227900 -10.749899864 2.786000013 -0.046500001 -0.523811832 0.199865897 -0.022050568 0.827761173
1745407692.278478 -10.756799698 2.786000013 -0.046500001 -0.527256696 0.200882223 -0.020523372 0.825363859
1745407692.329468 -10.764100075 2.785099983 -0.044700000 -0.531354813 0.202074137 -0.018689370 0.822483321
1745407692.380585 -10.767700195 2.784300089 -0.043600000 -0.533541598 0.202708490 -0.017704242 0.820931904
1745407692.431622 -10.777099609 2.783900023 -0.042599998 -0.538917386 0.204259741 -0.015251750 0.817076124
1745407692.481904 -10.782500267 2.783799887 -0.042100001 -0.542822749 0.205375502 -0.013448201 0.814237995
1745407692.531922 -10.785699844 2.783299923 -0.040899999 -0.545125508 0.206028755 -0.012376485 0.812549786
1745407692.582968 -10.791299820 2.782799959 -0.041499998 -0.548711605 0.207040415 -0.010696236 0.809898409
1745407692.633400 -10.798800468 2.782200098 -0.041000001 -0.552792451 0.208177095 -0.008763523 0.806849431
1745407692.683587 -10.805600166 2.781500101 -0.042100001 -0.555931638 0.209045351 -0.007264515 0.804479510
1745407692.733760 -10.812800407 2.780100107 -0.041499998 -0.559982109 0.210148672 -0.005316624 0.801392106
1745407692.784727 -10.819199562 2.778100014 -0.040399998 -0.563872782 0.211199413 -0.003426534 0.798392480
1745407692.835486 -10.824299812 2.777299881 -0.039900001 -0.567178854 0.212091045 -0.001802892 0.795815484
1745407692.886355 -10.831399918 2.776200056 -0.042100001 -0.571593778 0.213268052 0.000390209 0.792336506
1745407692.937063 -10.836400032 2.776299953 -0.044100001 -0.574457808 0.214025995 0.001827372 0.790055543
1745407692.987539 -10.842000008 2.776099920 -0.043800000 -0.578494078 0.215086273 0.003867831 0.786808450
1745407693.038459 -10.846400261 2.775899887 -0.043400001 -0.581544384 0.215877498 0.005428775 0.784330009
1745407693.089109 -10.851200104 2.776299953 -0.042100001 -0.584859613 0.216732044 0.007135529 0.781610861
1745407693.139933 -10.857000351 2.775599957 -0.041499998 -0.588168801 0.217570551 0.008848043 0.778872409
1745407693.190239 -10.864500046 2.774300098 -0.041200001 -0.592428885 0.218633276 0.011074778 0.775309523
1745407693.240903 -10.871899605 2.773200035 -0.039600000 -0.596406090 0.219606892 0.013173749 0.771944973
1745407693.291359 -10.876899719 2.772500038 -0.040100001 -0.599271870 0.220303668 0.014696414 0.769495637
1745407693.342109 -10.881799698 2.772799969 -0.041200001 -0.601787193 0.220911207 0.016050009 0.767328359
1745407693.392811 -10.890999794 2.773000002 -0.040600002 -0.607531922 0.222282680 0.019168404 0.762317484
1745407693.443082 -10.895600319 2.772799969 -0.041400000 -0.610151762 0.222898452 0.020605052 0.760004302
1745407693.493701 -10.897999763 2.772200108 -0.041200001 -0.611625181 0.223243258 0.021416587 0.758695206
1745407693.544489 -10.906499863 2.772200108 -0.040399998 -0.616827509 0.224448356 0.024311389 0.754026337
1745407693.594497 -10.909999847 2.771800041 -0.040300000 -0.618752719 0.224888832 0.025394046 0.752280020
1745407693.645519 -10.916700363 2.772099972 -0.040800001 -0.622990908 0.225843402 0.027797779 0.748401209
1745407693.695998 -10.920900345 2.772399902 -0.040399998 -0.625628252 0.226429562 0.029304638 0.745962587
1745407693.746241 -10.928000450 2.772000074 -0.040800001 -0.630083763 0.227409622 0.031878869 0.741797178
1745407693.797195 -10.931500435 2.771699905 -0.040700000 -0.632170281 0.227863362 0.033093801 0.739826888
1745407693.847590 -10.936300278 2.771500111 -0.040100001 -0.636321417 0.228751844 0.035533762 0.735870233
1745407693.897871 -10.939999580 2.770999908 -0.039400000 -0.638774567 0.229268890 0.036987153 0.733508541
1745407693.948683 -10.946000099 2.770900011 -0.039700001 -0.642760494 0.230095742 0.039370444 0.729633377
1745407693.998949 -10.950099945 2.770299911 -0.039500002 -0.645320131 0.230618216 0.040913195 0.727119851
1745407694.049475 -10.955100060 2.769799948 -0.040199999 -0.648508119 0.231259422 0.042851022 0.723961386
1745407694.099607 -10.961999893 2.767999887 -0.039799999 -0.652568101 0.232059951 0.045340097 0.719893970
1745407694.150520 -10.965499878 2.767600060 -0.038899999 -0.654964160 0.232523893 0.046824365 0.717469210
1745407694.200870 -10.970000267 2.766700029 -0.039299998 -0.658040599 0.233110952 0.048739842 0.714329253
1745407694.251698 -10.975799561 2.766099930 -0.039299998 -0.661479655 0.233751820 0.050896004 0.710784320
1745407694.302061 -10.980400085 2.765300035 -0.038600001 -0.664900949 0.234374101 0.053060175 0.707219998
1745407694.353001 -10.984100342 2.764899969 -0.038800001 -0.667134849 0.234775448 0.054484557 0.704870921
1745407694.403478 -10.988900185 2.763499975 -0.037900001 -0.669915233 0.235265948 0.056268654 0.701924037
1745407694.454278 -10.996000290 2.762500048 -0.037599999 -0.674102112 0.235984297 0.058982440 0.697437327
1745407694.505248 -11.003499985 2.761399984 -0.037000000 -0.678019156 0.236635928 0.061546147 0.693185064
1745407694.555424 -11.007800102 2.761300087 -0.037799999 -0.680329704 0.237008566 0.063073920 0.690651948
1745407694.605616 -11.010700226 2.761399984 -0.037200000 -0.682085834 0.237287989 0.064240491 0.688713645
1745407694.656137 -11.018699646 2.760400057 -0.035599999 -0.687201343 0.238074476 0.067670902 0.683004764
1745407694.706782 -11.020299911 2.760200024 -0.035799999 -0.688397874 0.238253573 0.068480370 0.681655368
1745407694.756917 -11.025199890 2.758899927 -0.035100002 -0.691730745 0.238740222 0.070750948 0.677868709
1745407694.807524 -11.032299995 2.757100105 -0.037400000 -0.695745844 0.239308276 0.073513475 0.673249611
1745407694.857777 -11.033800125 2.756999969 -0.035900000 -0.697622987 0.239567898 0.074819910 0.671067337
1745407694.908148 -11.037899971 2.755599976 -0.034499999 -0.701704925 0.240114347 0.077685900 0.666273367
1745407694.958257 -11.040599823 2.754899979 -0.034200002 -0.704077642 0.240420536 0.079367788 0.663455646
1745407695.009317 -11.046699524 2.754400015 -0.035300002 -0.707588535 0.240859381 0.081874884 0.659243299
1745407695.059417 -11.049599648 2.753499985 -0.035000000 -0.709598241 0.241094663 0.083317333 0.656811938
1745407695.110201 -11.054900169 2.753200054 -0.034299999 -0.713079748 0.241493135 0.085834456 0.652557112
1745407695.160522 -11.059200287 2.752300024 -0.034200002 -0.715349679 0.241740598 0.087489229 0.649755304
1745407695.211124 -11.065299988 2.750999928 -0.034899998 -0.718733862 0.242095436 0.089976433 0.645535186
1745407695.261744 -11.069399834 2.751100063 -0.035799999 -0.720530692 0.242276285 0.091308480 0.643273258
1745407695.311796 -11.075499535 2.750299931 -0.035500001 -0.724216393 0.242631124 0.094064169 0.638586475
1745407695.361802 -11.079000473 2.750400066 -0.034499999 -0.726323383 0.242825421 0.095653505 0.635877791
1745407695.413312 -11.084600449 2.750000000 -0.034299999 -0.729631266 0.243113829 0.098172693 0.631582144
1745407695.464566 -11.089599609 2.748800039 -0.033799998 -0.732915325 0.243380757 0.100698965 0.627264419
1745407695.514628 -11.095899582 2.748500109 -0.033599999 -0.736335130 0.243639263 0.103352771 0.622710760
1745407695.564967 -11.099599838 2.748199940 -0.033100002 -0.738547436 0.243790249 0.105085151 0.619734710
1745407695.615171 -11.103099823 2.746999979 -0.033300001 -0.740478615 0.243916351 0.106606500 0.617115296
1745407695.665263 -11.107999802 2.745100021 -0.032600001 -0.744101272 0.244129837 0.109482203 0.612149954
1745407695.715863 -11.109800339 2.743400097 -0.031900000 -0.745795448 0.244216911 0.110837636 0.609805107
1745407695.766470 -11.113800049 2.742300034 -0.032900002 -0.748268417 0.244332101 0.112826248 0.606355043
1745407695.817470 -11.117699623 2.740999937 -0.032000002 -0.751037785 0.244443765 0.115069528 0.602452069
1745407695.868763 -11.121999741 2.739200115 -0.031399999 -0.754652759 0.244571891 0.118035851 0.597286649
1745407695.919556 -11.123999596 2.739000082 -0.031199999 -0.756190072 0.244617903 0.119308454 0.595066508
1745407695.969703 -11.127699852 2.739200115 -0.031500001 -0.759443890 0.244701340 0.122030878 0.590317454
1745407696.020667 -11.130000114 2.738600016 -0.031700000 -0.761663279 0.244745215 0.123906155 0.587040112
1745407696.072085 -11.132800102 2.737999916 -0.030700000 -0.764070589 0.244777250 0.125953646 0.583451723
1745407696.122788 -11.136799812 2.737400055 -0.030999999 -0.766414175 0.244795139 0.127961322 0.579922885
1745407696.173239 -11.140399933 2.736700058 -0.029200001 -0.769630312 0.244794576 0.130745895 0.575022007
1745407696.224294 -11.142999649 2.735800028 -0.028100001 -0.771398651 0.244782901 0.132290790 0.572297649
1745407696.275151 -11.147299767 2.734100103 -0.027700000 -0.774476924 0.244735031 0.135000288 0.567507869
1745407696.325367 -11.152999878 2.733400106 -0.026799999 -0.777237208 0.244671228 0.137455438 0.563155676
1745407696.375575 -11.155300140 2.733099937 -0.026799999 -0.778959946 0.244622103 0.139009652 0.560408553
1745407696.425939 -11.159399986 2.733099937 -0.026400000 -0.781574279 0.244534522 0.141386481 0.556196347
1745407696.476314 -11.164600372 2.732399940 -0.026600000 -0.784638183 0.244403195 0.144197134 0.551196142
1745407696.526678 -11.167599678 2.732000113 -0.025200000 -0.786601136 0.244303645 0.146015551 0.547954233
1745407696.577504 -11.169599533 2.731699944 -0.025400000 -0.788551725 0.244189098 0.147837250 0.544703598
1745407696.627743 -11.173999786 2.731600046 -0.025300000 -0.791131780 0.244023106 0.150267365 0.540354466
1745407696.678262 -11.176699638 2.730799913 -0.024499999 -0.792867291 0.243898779 0.151916889 0.537397528
1745407696.728356 -11.181200027 2.730000019 -0.023600001 -0.796035098 0.243645977 0.154957744 0.531933133
1745407696.779065 -11.182900429 2.729099989 -0.023000000 -0.797598472 0.243510963 0.156477061 0.529201301
1745407696.829321 -11.187600136 2.728499889 -0.023900000 -0.800431315 0.243243298 0.159255952 0.524194572
1745407696.880037 -11.189700127 2.727900028 -0.024100000 -0.801792691 0.243103977 0.160604114 0.521761685
1745407696.930159 -11.193300247 2.726900101 -0.021800000 -0.804666263 0.242786796 0.163476807 0.516567624
1745407696.980212 -11.196599960 2.726300001 -0.022800000 -0.807163705 0.242483676 0.166002113 0.511988007
1745407697.031032 -11.198599815 2.725899935 -0.022500001 -0.808445622 0.242318357 0.167308622 0.509612907
1745407697.081175 -11.201199532 2.724699974 -0.023300000 -0.810482121 0.242040434 0.169397691 0.505805875
1745407697.131989 -11.205800056 2.723599911 -0.023100000 -0.813170672 0.241647511 0.172183413 0.500712304
1745407697.182215 -11.207900047 2.723299980 -0.023000000 0.815326454 -0.241311147 -0.174450616 -0.496566901
1745407697.232426 -11.211299896 2.723200083 -0.022100000 0.817950169 -0.240875652 -0.177244271 -0.491447769
1745407697.282588 -11.213299751 2.722399950 -0.021600001 0.819733447 -0.240558877 -0.179162633 -0.487923410
1745407697.332648 -11.215100288 2.721899986 -0.021500001 0.821341389 -0.240260840 -0.180907349 -0.484711855
1745407697.383224 -11.218999863 2.721999884 -0.021500001 0.822939204 -0.239951152 -0.182653046 -0.481489747
1745407697.433259 -11.222800255 2.721899986 -0.019400001 0.825311538 -0.239466137 -0.185273248 -0.476645212
1745407697.483945 -11.226099968 2.720999956 -0.019800000 0.827655395 -0.238954600 -0.187891850 -0.471787980
1745407697.534078 -11.227800369 2.720599890 -0.018400000 0.829047996 -0.238635247 -0.189461532 -0.468867750
1745407697.584822 -11.230299950 2.720400095 -0.018100001 0.830428778 -0.238306482 -0.191030333 -0.465945787
1745407697.635800 -11.234999657 2.718400002 -0.017600000 0.833759842 -0.237469952 -0.194861787 -0.458782553
1745407697.686558 -11.237400055 2.718100071 -0.018100001 0.835106266 -0.237113133 -0.196429943 -0.455840064
1745407697.736767 -11.239800453 2.717700005 -0.020300001 0.836442824 -0.236748420 -0.197999002 -0.452890697
1745407697.787374 -11.243200302 2.716599941 -0.019600000 0.838862716 -0.236059947 -0.200874371 -0.447475733
1745407697.837590 -11.245699883 2.716300011 -0.018200001 0.840239528 -0.235650310 -0.202529315 -0.444351598
1745407697.888261 -11.250000000 2.716000080 -0.019400001 0.842460572 -0.234962422 -0.205229426 -0.439242220
1745407697.938658 -11.252300262 2.715199947 -0.020199999 0.843947163 -0.234483128 -0.207058359 -0.435772514
1745407697.988869 -11.256099701 2.713700056 -0.019800000 0.845906310 -0.233825959 -0.209497208 -0.431136701
1745407698.039151 -11.260199547 2.712699890 -0.021299999 0.847839307 -0.233149788 -0.211935511 -0.426489185
1745407698.090151 -11.261799812 2.713099957 -0.021700000 0.849607910 -0.232503458 -0.214198835 -0.422169871
1745407698.140654 -11.262900352 2.713799953 -0.021400001 0.851218194 -0.231892341 -0.216286119 -0.418179201
1745407698.192131 -11.264300346 2.713500023 -0.022200000 0.852777561 -0.231278709 -0.218329664 -0.414261689
1745407698.242634 -11.265199661 2.712899923 -0.021100000 0.853861413 -0.230838582 -0.219763084 -0.411507500
1745407698.292648 -11.269000053 2.711400032 -0.018999999 0.856038874 -0.229917874 -0.222676265 -0.405894690
1745407698.343102 -11.273500443 2.709700108 -0.017800000 0.858214513 -0.228952187 -0.225633241 -0.400172945
1745407698.393185 -11.275099754 2.709300041 -0.017500000 0.859129002 -0.228530940 -0.226891282 -0.397732715
1745407698.443540 -11.279100418 2.708699942 -0.017200001 0.860999442 -0.227642165 -0.229494514 -0.392671967
1745407698.494485 -11.281599998 2.709300041 -0.018300001 0.862165495 -0.227068748 -0.231141964 -0.389466090
1745407698.544785 -11.286000252 2.708800077 -0.020400001 0.863980679 -0.226144902 -0.233742543 -0.384396011
1745407698.595341 -11.287699699 2.708199978 -0.021100000 0.865525889 -0.225327247 -0.235984241 -0.380005271
1745407698.645475 -11.290100098 2.707400084 -0.021700000 0.866641901 -0.224718740 -0.237620835 -0.376788591
1745407698.695620 -11.291700363 2.706199884 -0.019300001 0.868237294 -0.223818817 -0.239984908 -0.372124149
1745407698.746133 -11.294300079 2.704200029 -0.018700000 0.870034430 -0.222763268 -0.242689155 -0.366767761
1745407698.796608 -11.296799660 2.703700066 -0.019200001 0.870989664 -0.222184246 -0.244149100 -0.363871382
1745407698.846732 -11.300800323 2.703000069 -0.019300001 0.872842286 -0.221021536 -0.247022145 -0.358156228
1745407698.897284 -11.302499771 2.702500105 -0.017999999 0.874279302 -0.220082829 -0.249290584 -0.353628980
1745407698.947757 -11.304599762 2.702300072 -0.015900001 0.875428035 -0.219306582 -0.251128798 -0.349949576
1745407698.998131 -11.308500290 2.702300072 -0.014900000 0.877028827 -0.218185497 -0.253734141 -0.344723818
1745407699.048559 -11.312700272 2.701400042 -0.015300000 0.878572618 -0.217059170 -0.256294628 -0.339571105
1745407699.098728 -11.314599991 2.701400042 -0.015600000 0.879182183 -0.216601409 -0.257319013 -0.337504731
1745407699.148757 -11.320699692 2.700799942 -0.016400000 0.880981749 -0.215204592 -0.260388381 -0.331294479
1745407699.199691 -11.322199821 2.700500011 -0.016600000 0.881669134 -0.214651476 -0.261581090 -0.328876292
1745407699.249932 -11.324600220 2.700400114 -0.015500000 0.882928563 -0.213611096 -0.263790843 -0.324379167
1745407699.300262 -11.326100349 2.700400114 -0.015600000 0.883880669 -0.212798402 -0.265490034 -0.320915635
1745407699.350992 -11.326600075 2.699300051 -0.015500000 0.885465848 -0.211393272 -0.268374478 -0.315021040
1745407699.401214 -11.328200340 2.699100018 -0.015500000 0.886333170 -0.210595152 -0.269980971 -0.311726593
1745407699.451937 -11.332599640 2.697799921 -0.017400000 0.888073927 -0.208928407 -0.273268129 -0.304955981
1745407699.502434 -11.333000183 2.697700024 -0.017300000 0.888293059 -0.208711534 -0.273690745 -0.304086030
1745407699.553032 -11.336799622 2.697400093 -0.016100001 0.889717816 -0.207264576 -0.276472370 -0.298339793
1745407699.603868 -11.337699890 2.697400093 -0.015100000 0.890477912 -0.206463968 -0.277985522 -0.295204621
1745407699.654245 -11.340399742 2.696500063 -0.014300000 0.891802766 -0.205018302 -0.280663416 -0.289626258
1745407699.705235 -11.343500137 2.695800066 -0.014100000 0.893169773 -0.203454531 -0.283503771 -0.283689307
1745407699.755279 -11.344300270 2.695800066 -0.011400000 0.893954529 -0.202520003 -0.285172557 -0.280192008
1745407699.805997 -11.346599579 2.695699930 -0.011800000 0.895102444 -0.201100125 -0.287673909 -0.274943772
1745407699.856113 -11.348999977 2.695600033 -0.013100000 0.895832141 -0.200164805 -0.289294917 -0.271527674
1745407699.906232 -11.352800369 2.695300102 -0.015100000 0.896730556 -0.198976053 -0.291324885 -0.267231457
1745407699.956274 -11.356399536 2.694900036 -0.016899999 0.897642180 -0.197723257 -0.293432725 -0.262757049
1745407700.006906 -11.357799530 2.693700075 -0.014900000 0.898566855 -0.196401942 -0.295614552 -0.258100604
1745407700.056947 -11.358799934 2.692500114 -0.013300000 0.899282901 -0.195340510 -0.297337813 -0.254406318
1745407700.107055 -11.361200333 2.690500021 -0.012200000 0.900375056 -0.193648290 -0.300036509 -0.248602478
1745407700.158410 -11.362700462 2.689899921 -0.011300000 0.900858845 -0.192869299 -0.301258643 -0.245963422
1745407700.209091 -11.365599632 2.688699961 -0.011200000 0.901800350 -0.191296276 -0.303695320 -0.240688630
1745407700.259563 -11.367400169 2.687999964 -0.010900000 0.902440649 -0.190181180 -0.305394072 -0.236994630
1745407700.309825 -11.368499756 2.686599970 -0.009200000 0.903328233 -0.188569308 -0.307813795 -0.231711862
1745407700.360614 -11.370499611 2.685400009 -0.009400000 0.904058243 -0.187179256 -0.309864567 -0.227214810
1745407700.411963 -11.373800278 2.684400082 -0.009700000 0.904792447 -0.185716916 -0.311988447 -0.222537782
1745407700.462310 -11.377300262 2.682899952 -0.010600000 0.905593975 -0.184039559 -0.314382732 -0.217238328
1745407700.512517 -11.378999710 2.681200027 -0.010600000 0.906186335 -0.182741710 -0.316206040 -0.213179583
1745407700.562689 -11.381299973 2.680799961 -0.010500000 0.906833808 -0.181258930 -0.318259767 -0.208586593
1745407700.613081 -11.384499550 2.680200100 -0.012600000 0.907419595 -0.179846782 -0.320191108 -0.204260786
1745407700.663236 -11.387100220 2.679800034 -0.013700000 0.907939237 -0.178536628 -0.321959741 -0.200282148
1745407700.713721 -11.387299538 2.679699898 -0.012900000 0.908517075 -0.177008592 -0.323988676 -0.195693690
1745407700.764380 -11.387800217 2.679399967 -0.011700000 0.908924419 -0.175881721 -0.325464665 -0.192340250
1745407700.815013 -11.388299942 2.677799940 -0.010300000 0.909541933 -0.174082044 -0.327787915 -0.187040095
1745407700.865259 -11.390299797 2.676199913 -0.010100000 0.910146176 -0.172197853 -0.330179932 -0.181557292
1745407700.915857 -11.392999649 2.674000025 -0.010600000 0.910663869 -0.170476317 -0.332326448 -0.176602022
1745407700.965922 -11.394800186 2.673000097 -0.010200000 0.911041924 -0.169141133 -0.333971186 -0.172792178
1745407701.016066 -11.396400452 2.671600103 -0.009400000 0.911345115 -0.168015220 -0.335343471 -0.169604609
1745407701.067022 -11.399000168 2.670700073 -0.009700000 0.911831687 -0.166088552 -0.337663141 -0.164198570
1745407701.118017 -11.401300430 2.669800043 -0.010900000 0.912219025 -0.164433638 -0.339624605 -0.159603121
1745407701.168849 -11.402400017 2.669300079 -0.010500000 0.912382982 -0.163696461 -0.340489432 -0.157568109
1745407701.219134 -11.404000282 2.668299913 -0.009600000 0.912845950 -0.161463161 -0.343075807 -0.151462570
1745407701.269624 -11.405099869 2.666699886 -0.009200000 0.913190634 -0.159627736 -0.345164421 -0.146503835
1745407701.320282 -11.405799866 2.665100098 -0.009000000 0.913413774 -0.158340002 -0.346610820 -0.143054747
1745407701.370729 -11.406399727 2.664200068 -0.007600000 0.913725918 -0.156375164 -0.348786305 -0.137840011
1745407701.421769 -11.409600258 2.664000034 -0.008600000 0.913943773 -0.154861238 -0.350437963 -0.133858173
1745407701.472050 -11.409799576 2.662100077 -0.006300000 0.914195049 -0.152926614 -0.352515623 -0.128816142
1745407701.523046 -11.412799835 2.660399914 -0.004700000 0.914439044 -0.150760304 -0.354805139 -0.123230996
1745407701.573658 -11.414400101 2.659199953 -0.004900000 0.914565847 -0.149476075 -0.356143699 -0.119949490
1745407701.623858 -11.417200089 2.658200026 -0.006000000 0.914734341 -0.147519232 -0.358157947 -0.114987156
1745407701.674825 -11.419500351 2.657099962 -0.006400000 0.914836858 -0.146112038 -0.359589652 -0.111445400
1745407701.725196 -11.422200203 2.655800104 -0.007100000 0.914975689 -0.143767170 -0.361939036 -0.105596516
1745407701.775637 -11.422900200 2.654799938 -0.006700000 0.915044060 -0.142261059 -0.363425380 -0.101873220
1745407701.826160 -11.424900055 2.654299974 -0.006900000 0.915110892 -0.140164927 -0.365469216 -0.096737274
1745407701.876327 -11.427399635 2.654099941 -0.007200000 0.915145956 -0.138051479 -0.367502194 -0.091606802
1745407701.926813 -11.427900314 2.653800011 -0.006700000 0.915152947 -0.136656646 -0.368825721 -0.088247568
1745407701.977054 -11.429400444 2.652699947 -0.005800000 0.915135084 -0.134247801 -0.371079233 -0.082495511
1745407702.027447 -11.430600166 2.651999950 -0.005300000 0.915108570 -0.132866258 -0.372352176 -0.079225749
1745407702.078158 -11.432800293 2.651400089 -0.004700000 0.915062423 -0.131249132 -0.373826024 -0.075422348
1745407702.129111 -11.435099602 2.650500059 -0.005000000 0.914978417 -0.129164969 -0.375702297 -0.070559840
1745407702.179836 -11.437299728 2.649699926 -0.005300000 0.914895462 -0.127561725 -0.377128577 -0.066845616
1745407702.229898 -11.439999580 2.648499966 -0.004900000 0.914741422 -0.125138900 -0.379253393 -0.061280100
1745407702.279963 -11.440799713 2.647500038 -0.003900000 0.914625396 -0.123587915 -0.380594019 -0.057746032
1745407702.330318 -11.443499565 2.646899939 -0.002700000 0.914375777 -0.120737381 -0.383023379 -0.051308034
1745407702.380344 -11.444299698 2.646899939 -0.003400000 0.914306606 -0.120030512 -0.383619168 -0.049723633
1745407702.430440 -11.446399689 2.645600080 -0.003300000 0.914009508 -0.117265938 -0.385924175 -0.043564328
1745407702.481806 -11.447899818 2.645400047 -0.005100000 0.913858882 -0.115993437 -0.386971392 -0.040750557
1745407702.531806 -11.451000214 2.644099951 -0.006400000 0.913540738 -0.113511027 -0.388989158 -0.035298750
1745407702.581859 -11.453100204 2.643199921 -0.005300000 0.913235488 -0.111328457 -0.390734867 -0.030548027
1745407702.631975 -11.453800201 2.641299963 -0.004600000 0.912924314 -0.109252931 -0.392369348 -0.026063149
1745407702.682123 -11.455800056 2.638200045 -0.005300000 0.912523639 -0.106751405 -0.394304814 -0.020699258
1745407702.732509 -11.456800461 2.637200117 -0.006100000 0.912329079 -0.105596837 -0.395186401 -0.018239163
1745407702.782824 -11.458600044 2.636100054 -0.006000000 0.912046609 -0.103982316 -0.396407909 -0.014813181
1745407702.832996 -11.460200310 2.633500099 -0.005300000 0.911562850 -0.101354978 -0.398364423 -0.009280430
1745407702.883733 -11.461899757 2.630100012 -0.003300000 0.911054431 -0.098752834 -0.400266028 -0.003848191
1745407702.934536 -11.463000298 2.628599882 -0.003000000 0.910645142 -0.096764247 -0.401698934 0.000268600
1745407702.984802 -11.465999603 2.626800060 -0.004400000 0.910140601 -0.094421879 -0.403364310 0.005082212
1745407703.035882 -11.468600273 2.625099897 -0.004900000 0.909795837 -0.092879657 -0.404446677 0.008233456
1745407703.086036 -11.469200134 2.622100115 -0.003000000 0.909177473 -0.090211348 -0.406290503 0.013647797
1745407703.136654 -11.455900192 2.618499994 0.017400000 0.908676795 -0.088128410 -0.407703066 0.017834677
1745407703.186778 -11.404999733 2.610300064 0.065399997 0.908069029 -0.085672853 -0.409335075 0.022706767
1745407703.236866 -11.345199585 2.600899935 0.094099998 0.907644645 -0.083993598 -0.410427133 0.025996961
1745407703.287151 -11.201800346 2.576900005 0.121200003 0.906946761 -0.081287314 -0.412146142 0.031233053
1745407703.337268 -11.020199776 2.543600082 0.132599995 0.906287294 -0.078820467 -0.413687900 0.035958263
1745407703.387524 -10.860400200 2.511600018 0.139799997 0.905796921 -0.077034846 -0.414788241 0.039348253
1745407703.437938 -10.679800034 2.474499941 0.152999997 0.905288898 -0.075226892 -0.415890225 0.042757995
1745407703.488652 -10.416899681 2.417900085 0.177399993 0.904606960 -0.072858069 -0.417315177 0.047180427
1745407703.538757 -10.199099541 2.368200064 0.201000005 0.904071639 -0.071029914 -0.418393699 0.050556266
1745407703.589313 -9.882200241 2.291500092 0.231600001 0.903323222 -0.068506959 -0.419845785 0.055167646
1745407703.640481 -9.679599762 2.238899946 0.244599998 0.902855085 -0.066950473 -0.420722806 0.057988371
1745407703.691016 -9.359800339 2.150199890 0.251199991 0.902144970 -0.064617269 -0.422009608 0.062184826
1745407703.741946 -9.029999733 2.053200006 0.236499995 0.901433939 -0.062329329 -0.423246645 0.066288658
1745407703.791967 -8.854299545 1.998999953 0.222900003 0.901066240 -0.061165057 -0.423867063 0.068375295
1745407703.843177 -8.591899872 1.917299986 0.196199998 0.900537345 -0.059511889 -0.424736513 0.071342274
1745407703.893699 -8.244700432 1.807899952 0.153200001 0.899869803 -0.057470446 -0.425796057 0.075028014
1745407703.944507 -7.913599968 1.702700019 0.112300001 0.899253536 -0.055626181 -0.426738467 0.078377841
1745407703.995479 -7.673099995 1.626899958 0.086300001 0.898820742 -0.054352455 -0.427379534 0.080708231
1745407704.045613 -7.292300224 1.506999969 0.049100000 0.898166519 -0.052464149 -0.428318608 0.084187812
1745407704.095907 -7.108399868 1.450600028 0.033900000 0.897856934 -0.051585555 -0.428751644 0.085813075
1745407704.146000 -6.783100128 1.351899981 0.012500000 0.897321568 -0.050079289 -0.429481560 0.088609579
1745407704.196115 -6.502999783 1.268499970 -0.002700000 0.896886712 -0.048871133 -0.430056390 0.090869907
1745407704.248466 -6.204100132 1.181599975 -0.015600000 0.896450967 -0.047669237 -0.430615686 0.093131297
1745407704.298770 -5.929599762 1.103199959 -0.029999999 0.896062682 -0.046603096 -0.431101555 0.095138163
1745407704.349247 -5.592500210 1.008100033 -0.040300000 0.895612601 -0.045372467 -0.431647453 0.097467354
1745407704.401010 -5.463799953 0.972199976 -0.041099999 0.895441560 -0.044906363 -0.431850940 0.098349361
1745407704.452145 -5.219099998 0.904600024 -0.038600001 0.895117608 -0.044021528 -0.432229130 0.100022762
1745407704.502150 -4.838900089 0.803200006 -0.038400002 0.894624583 -0.042671829 -0.432787682 0.102570916
1745407704.552320 -4.518799782 0.720399976 -0.034400001 0.894248073 -0.041640963 -0.433196557 0.104533041
1745407704.603178 -4.222499847 0.645900011 -0.027500000 0.893918418 -0.040742120 -0.433545115 0.106247704
1745407704.653544 -3.893699884 0.565599978 -0.030300001 0.893573891 -0.039796473 -0.433895547 0.108058302
1745407704.704834 -3.695400000 0.518199980 -0.034600001 0.893377857 -0.039257060 -0.434088895 0.109094996
1745407704.754884 -3.507699966 0.474099994 -0.036800001 0.893202446 -0.038777535 -0.434258676 0.110023159
1745407704.805789 -3.227699995 0.409500003 -0.038500000 0.892952245 -0.038095496 -0.434494656 0.111352658
1745407704.855846 -3.044899940 0.368200004 -0.037099998 0.892795841 -0.037667259 -0.434637907 0.112190261
1745407704.906175 -2.793600082 0.313300014 -0.030200001 0.892590984 -0.037104281 -0.434821106 0.113292601
1745407704.956845 -2.588799953 0.269499987 -0.022500001 0.892437013 -0.036676458 -0.434953419 0.114133866
1745407705.007083 -2.314899921 0.212899998 -0.011100000 0.892251213 -0.036150072 -0.435104599 0.115173491
1745407705.058047 -2.100800037 0.168899998 -0.004600000 0.892116089 -0.035755396 -0.435207160 0.115953279
1745407705.108316 -1.929200053 0.134900004 0.000500000 0.892016315 -0.035458142 -0.435277705 0.116545846
1745407705.159294 -1.664199948 0.083700001 0.008800000 0.891879349 -0.035041130 -0.435366305 0.117386230
1745407705.209965 -1.523000002 0.057300001 0.012900000 0.891814491 -0.034836697 -0.435403534 0.117801022
1745407705.260214 -1.373600006 0.030400001 0.017200001 0.891751931 -0.034634177 -0.435435901 0.118213973
1745407705.310644 -1.179299951 -0.004000000 0.022299999 0.891679608 -0.034393734 -0.435467343 0.118712848
1745407705.361721 -0.969699979 -0.039500002 0.028400000 0.891615827 -0.034166879 -0.435484798 0.119192418
1745407705.411995 -0.825299978 -0.063400000 0.032699998 0.891580662 -0.034032047 -0.435486981 0.119485698
1745407705.462998 -0.644100010 -0.090800002 0.037900001 0.891545912 -0.033890687 -0.435483143 0.119798746
1745407705.513731 -0.501399994 -0.110799998 0.042300001 0.891525018 -0.033799360 -0.435476349 0.120004564
1745407705.564023 -0.404799998 -0.125100002 0.046000000 0.891517371 -0.033746930 -0.435463128 0.120124046
1745407705.614571 -0.219799995 -0.149000004 0.053399999 0.891504241 -0.033672330 -0.435445664 0.120305591
1745407705.664824 -0.113499999 -0.163000003 0.054600000 0.891506977 -0.033647345 -0.435422902 0.120374676
1745407705.715389 0.045899998 -0.181299999 0.058200002 0.891513240 -0.033633158 -0.435391733 0.120444977
1745407705.765576 0.162300006 -0.194399998 0.061099999 0.891529546 -0.033646235 -0.435355700 0.120450882
1745407705.816344 0.245600000 -0.203400001 0.061999999 0.891544967 -0.033670074 -0.435327489 0.120432037
1745407705.866432 0.371499985 -0.217399999 0.065399997 0.891584999 -0.033728880 -0.435262762 0.120353149
1745407705.916529 0.461400002 -0.225099996 0.065300003 0.891613444 -0.033786425 -0.435222244 0.120272785
1745407705.967463 0.567200005 -0.234200001 0.066699997 0.891658684 -0.033882172 -0.435162419 0.120126845
1745407706.018046 0.636799991 -0.239500001 0.067900002 0.891695074 -0.033964611 -0.435117539 0.119995946
1745407706.068515 0.716000021 -0.245900005 0.070299998 0.891745233 -0.034077703 -0.435057256 0.119809572
1745407706.118901 0.778900027 -0.249100000 0.069200002 0.891787360 -0.034185483 -0.435010623 0.119634505
1745407706.169547 0.854200006 -0.253399998 0.068200000 0.891854130 -0.034338879 -0.434933397 0.119373332
1745407706.220273 0.922599971 -0.255899996 0.066799998 0.891921521 -0.034511915 -0.434861610 0.119081099
1745407706.270966 0.966899991 -0.256999999 0.066000000 0.891971896 -0.034646829 -0.434809274 0.118855495
1745407706.322011 1.004199982 -0.257600009 0.065300003 0.892021397 -0.034775191 -0.434756766 0.118638393
1745407706.372957 1.051599979 -0.257800013 0.065300003 0.892095640 -0.034967885 -0.434678734 0.118308979
1745407706.423090 1.097300053 -0.257099986 0.064900003 0.892186105 -0.035197861 -0.434582369 0.117911952
1745407706.474002 1.130399942 -0.255199999 0.064700000 0.892265772 -0.035406359 -0.434499690 0.117550848
1745407706.524647 1.138499975 -0.254500002 0.063699998 0.892288882 -0.035469785 -0.434476743 0.117441070
1745407706.574726 1.166399956 -0.250999987 0.062700003 0.892383169 -0.035720052 -0.434380388 0.117004427
1745407706.625564 1.184100032 -0.246999994 0.059500001 0.892466810 -0.035951264 -0.434297907 0.116601150
1745407706.675780 1.194700003 -0.243100002 0.060199998 0.892540061 -0.036147090 -0.434224731 0.116251924
1745407706.726619 1.198899984 -0.240099996 0.059300002 0.892587153 -0.036277854 -0.434179280 0.116019156
1745407706.776781 1.204300046 -0.234999999 0.057200000 0.892667885 -0.036498066 -0.434100353 0.115623622
1745407706.827142 1.205500007 -0.230900005 0.055100001 0.892727323 -0.036663739 -0.434043080 0.115326937
1745407706.877627 1.205199957 -0.226799995 0.054400001 0.892785875 -0.036820771 -0.433984854 0.115042422
1745407706.928155 1.199300051 -0.221000001 0.052400000 0.892866028 -0.037041054 -0.433905240 0.114649287
1745407706.978777 1.191300035 -0.214499995 0.050600000 0.892945511 -0.037261963 -0.433828082 0.114249971
1745407707.029088 1.184100032 -0.210400000 0.048500001 0.893000678 -0.037415963 -0.433775291 0.113968558
1745407707.080035 1.175799966 -0.207000002 0.045299999 0.893055971 -0.037570760 -0.433722367 0.113685437
1745407707.130361 1.158100009 -0.198799998 0.041700002 0.893128799 -0.037785354 -0.433654656 0.113299848
1745407707.180559 1.144700050 -0.193599999 0.040700000 0.893182149 -0.037939523 -0.433604392 0.113019787
1745407707.230958 1.122799993 -0.185499996 0.039299998 0.893254269 -0.038145657 -0.433534911 0.112646349
1745407707.281203 1.102599978 -0.179199994 0.039000001 0.893319907 -0.038327522 -0.433470217 0.112312583
1745407707.331806 1.084800005 -0.174199998 0.038699999 0.893366011 -0.038456537 -0.433424454 0.112078134
1745407707.382111 1.059100032 -0.167199999 0.035399999 0.893445287 -0.038669946 -0.433345227 0.111678416
1745407707.432323 1.040099978 -0.161699995 0.032800000 0.893487811 -0.038792817 -0.433305502 0.111449504
1745407707.482749 1.021100044 -0.155800000 0.031800002 0.893537878 -0.038932621 -0.433257610 0.111185227
1745407707.534149 0.999199986 -0.148599997 0.030200001 0.893604849 -0.039114622 -0.433191807 0.110838977
1745407707.584444 0.971300006 -0.141700000 0.028200001 0.893668987 -0.039293276 -0.433129668 0.110500995
1745407707.635405 0.944700003 -0.135700002 0.025900001 0.893723831 -0.039446943 -0.433076066 0.110212406
1745407707.686070 0.918699980 -0.129800007 0.022500001 0.893774937 -0.039590807 -0.433026274 0.109941695
1745407707.736991 0.893999994 -0.123899996 0.020500001 0.893818378 -0.039717840 -0.432985167 0.109704360
