1745407684.847602
1745407684.898371
1745407684.948536
1745407684.999440
1745407685.049989
1745407685.100162
1745407685.150361
1745407685.200694
1745407685.251619
1745407685.301971
1745407685.352192
1745407685.403500
1745407685.454810
1745407685.505618
1745407685.555714
1745407685.605799
1745407685.656396
1745407685.707750
1745407685.758142
1745407685.809113
1745407685.859297
1745407685.910138
1745407685.960261
1745407686.010842
1745407686.061911
1745407686.111971
1745407686.162457
1745407686.213091
1745407686.263375
1745407686.313718
1745407686.364697
1745407686.415451
1745407686.466262
1745407686.517213
1745407686.567884
1745407686.618806
1745407686.669102
1745407686.720230
1745407686.770878
1745407686.821537
1745407686.871807
1745407686.921992
1745407686.972240
1745407687.022886
1745407687.073043
1745407687.123993
1745407687.174721
1745407687.224893
1745407687.275100
1745407687.326082
1745407687.376668
1745407687.427679
1745407687.477853
1745407687.528256
1745407687.578278
1745407687.628643
1745407687.679049
1745407687.729553
1745407687.779643
1745407687.830230
1745407687.880872
1745407687.931353
1745407687.982041
1745407688.032932
1745407688.083627
1745407688.133818
1745407688.184184
1745407688.234949
1745407688.285157
1745407688.335736
1745407688.385896
1745407688.436540
1745407688.487002
1745407688.537541
1745407688.587735
1745407688.638140
1745407688.688605
1745407688.739514
1745407688.789750
1745407688.840317
1745407688.891804
1745407688.941857
1745407688.991915
1745407689.042862
1745407689.093009
1745407689.143384
1745407689.194156
1745407689.244634
1745407689.295648
1745407689.346094
1745407689.396802
1745407689.447652
1745407689.498098
1745407689.548699
1745407689.599438
1745407689.649738
1745407689.700076
1745407689.750396
1745407689.800607
1745407689.851917
1745407689.901976
1745407689.952211
1745407690.002889
1745407690.052933
1745407690.103225
1745407690.154035
1745407690.204366
1745407690.254435
1745407690.304724
1745407690.355451
1745407690.405593
1745407690.455766
1745407690.506715
1745407690.557083
1745407690.608565
1745407690.659280
1745407690.709471
1745407690.760037
1745407690.810208
1745407690.860880
1745407690.912199
1745407690.963510
1745407691.013768
1745407691.064412
1745407691.114455
1745407691.165627
1745407691.216001
1745407691.266101
1745407691.317341
1745407691.367593
1745407691.418542
1745407691.468754
1745407691.519453
1745407691.570442
1745407691.620965
1745407691.671628
1745407691.721858
1745407691.772288
1745407691.823538
1745407691.873710
1745407691.923952
1745407691.974755
1745407692.025482
1745407692.075885
1745407692.126181
1745407692.177017
1745407692.227900
1745407692.278478
1745407692.329468
1745407692.380585
1745407692.431622
1745407692.481904
1745407692.531922
1745407692.582968
1745407692.633400
1745407692.683587
1745407692.733760
1745407692.784727
1745407692.835486
1745407692.886355
1745407692.937063
1745407692.987539
1745407693.038459
1745407693.089109
1745407693.139933
1745407693.190239
1745407693.240903
1745407693.291359
1745407693.342109
1745407693.392811
1745407693.443082
1745407693.493701
1745407693.544489
1745407693.594497
1745407693.645519
1745407693.695998
1745407693.746241
1745407693.797195
1745407693.847590
1745407693.897871
1745407693.948683
1745407693.998949
1745407694.049475
1745407694.099607
1745407694.150520
1745407694.200870
1745407694.251698
1745407694.302061
1745407694.353001
1745407694.403478
1745407694.454278
1745407694.505248
1745407694.555424
1745407694.605616
1745407694.656137
1745407694.706782
1745407694.756917
1745407694.807524
1745407694.857777
1745407694.908148
1745407694.958257
1745407695.009317
1745407695.059417
1745407695.110201
1745407695.160522
1745407695.211124
1745407695.261744
1745407695.311796
1745407695.361802
1745407695.413312
1745407695.464566
1745407695.514628
1745407695.564967
1745407695.615171
1745407695.665263
1745407695.715863
1745407695.766470
1745407695.817470
1745407695.868763
1745407695.919556
1745407695.969703
1745407696.020667
1745407696.072085
1745407696.122788
1745407696.173239
1745407696.224294
1745407696.275151
1745407696.325367
1745407696.375575
1745407696.425939
1745407696.476314
1745407696.526678
1745407696.577504
1745407696.627743
1745407696.678262
1745407696.728356
1745407696.779065
1745407696.829321
1745407696.880037
1745407696.930159
1745407696.980212
1745407697.031032
1745407697.081175
1745407697.131989
1745407697.182215
1745407697.232426
1745407697.282588
1745407697.332648
1745407697.383224
1745407697.433259
1745407697.483945
1745407697.534078
1745407697.584822
1745407697.635800
1745407697.686558
1745407697.736767
1745407697.787374
1745407697.837590
1745407697.888261
1745407697.938658
1745407697.988869
1745407698.039151
1745407698.090151
1745407698.140654
1745407698.192131
1745407698.242634
1745407698.292648
1745407698.343102
1745407698.393185
1745407698.443540
1745407698.494485
1745407698.544785
1745407698.595341
1745407698.645475
1745407698.695620
1745407698.746133
1745407698.796608
1745407698.846732
1745407698.897284
1745407698.947757
1745407698.998131
1745407699.048559
1745407699.098728
1745407699.148757
1745407699.199691
1745407699.249932
1745407699.300262
1745407699.350992
1745407699.401214
1745407699.451937
1745407699.502434
1745407699.553032
1745407699.603868
1745407699.654245
1745407699.705235
1745407699.755279
1745407699.805997
1745407699.856113
1745407699.906232
1745407699.956274
1745407700.006906
1745407700.056947
1745407700.107055
1745407700.158410
1745407700.209091
1745407700.259563
1745407700.309825
1745407700.360614
1745407700.411963
1745407700.462310
1745407700.512517
1745407700.562689
1745407700.613081
1745407700.663236
1745407700.713721
1745407700.764380
1745407700.815013
1745407700.865259
1745407700.915857
1745407700.965922
1745407701.016066
1745407701.067022
1745407701.118017
1745407701.168849
1745407701.219134
1745407701.269624
1745407701.320282
1745407701.370729
1745407701.421769
1745407701.472050
1745407701.523046
1745407701.573658
1745407701.623858
1745407701.674825
1745407701.725196
1745407701.775637
1745407701.826160
1745407701.876327
1745407701.926813
1745407701.977054
1745407702.027447
1745407702.078158
1745407702.129111
1745407702.179836
1745407702.229898
1745407702.279963
1745407702.330318
1745407702.380344
1745407702.430440
1745407702.481806
1745407702.531806
1745407702.581859
1745407702.631975
1745407702.682123
1745407702.732509
1745407702.782824
1745407702.832996
1745407702.883733
1745407702.934536
1745407702.984802
1745407703.035882
1745407703.086036
1745407703.136654
1745407703.186778
1745407703.236866
1745407703.287151
1745407703.337268
1745407703.387524
1745407703.437938
1745407703.488652
1745407703.538757
1745407703.589313
1745407703.640481
1745407703.691016
1745407703.741946
1745407703.791967
1745407703.843177
1745407703.893699
1745407703.944507
1745407703.995479
1745407704.045613
1745407704.095907
1745407704.146000
1745407704.196115
1745407704.248466
1745407704.298770
1745407704.349247
1745407704.401010
1745407704.452145
1745407704.502150
1745407704.552320
1745407704.603178
1745407704.653544
1745407704.704834
1745407704.754884
1745407704.805789
1745407704.855846
1745407704.906175
1745407704.956845
1745407705.007083
1745407705.058047
1745407705.108316
1745407705.159294
1745407705.209965
1745407705.260214
1745407705.310644
1745407705.361721
1745407705.411995
1745407705.462998
1745407705.513731
1745407705.564023
1745407705.614571
1745407705.664824
1745407705.715389
1745407705.765576
1745407705.816344
1745407705.866432
1745407705.916529
1745407705.967463
1745407706.018046
1745407706.068515
1745407706.118901
1745407706.169547
1745407706.220273
1745407706.270966
1745407706.322011
1745407706.372957
1745407706.423090
1745407706.474002
1745407706.524647
1745407706.574726
1745407706.625564
1745407706.675780
1745407706.726619
1745407706.776781
1745407706.827142
1745407706.877627
1745407706.928155
1745407706.978777
1745407707.029088
1745407707.080035
1745407707.130361
1745407707.180559
1745407707.230958
1745407707.281203
1745407707.331806
1745407707.382111
1745407707.432323
1745407707.482749
1745407707.534149
1745407707.584444
1745407707.635405
1745407707.686070
1745407707.736991
