1745407684.847602 0.000000000 0.000000000 0.000000000 0.000000000 0.000000000 0.000000000 1.000000000
1745407684.898371 0.014784789 -0.014784789 0.014784789 -0.000000000 -0.000000000 0.000000000 1.000000000
1745407684.948536 -0.020331506 -0.009458700 -0.106954393 0.000000000 0.000000000 -0.000000000 1.000000000
1745407684.999440 -0.087064456 0.004641477 0.100774658 0.000000000 -0.000000000 -0.000000000 1.000000000
1745407685.049989 -0.132394348 0.078002973 -0.551327100 -0.000000000 0.000000000 0.000000000 1.000000000
1745407685.100162 0.139292408 0.126271029 -0.911158826 -0.000000000 0.000000000 0.000000000 1.000000000
1745407685.150361 0.011689761 0.200669087 -1.152676327 -0.000000000 0.000000000 0.000000000 1.000000000
1745407685.200694 -0.005357669 -0.030311773 -1.499505997 -0.078659417 0.001040564 -0.129195480 0.988493875
1745407685.251619 -0.022191908 -0.574249094 -1.847479217 -0.205766933 -0.017848755 -0.050553432 0.977131384
1745407685.301971 -0.148987118 -0.886037758 -1.911353632 -0.285112926 0.011454731 -0.194411331 0.938500742
1745407685.352192 -0.200885290 -1.704199972 -2.205669690 -0.422160588 -0.037697057 -0.114222677 0.898505732
1745407685.403500 -0.351686234 -1.532402532 -1.561725039 -0.449184089 -0.018232262 -0.147674356 0.880961704
1745407685.454810 -0.246951951 -1.637136815 -1.456990756 -0.449184089 -0.018232262 -0.147674356 0.880961704
1745407685.505618 -0.369994203 -1.355558026 -0.840506320 -0.462533619 -0.004744809 -0.158882410 0.872236503
1745407685.555714 0.233618018 1.491934211 0.704130135 -0.598056199 0.678899087 -0.233802654 -0.356035295
1745407685.605799 0.698455753 1.049456736 0.710197241 -0.598832387 0.676709409 -0.232981573 -0.359421389
1745407685.656396 -0.130431363 -1.617481125 -0.142172851 -0.463698421 -0.003712030 -0.162549716 0.870946373
1745407685.707750 -0.021255725 -1.846941910 -0.500681238 -0.461952383 0.005615542 -0.159751861 0.872380539
1745407685.758142 1.098330211 0.769867423 1.577755724 -0.592659784 0.678144692 -0.240202941 -0.362183247
1745407685.809113 1.072026776 0.572970403 1.319689059 -0.592394108 0.681309428 -0.233373071 -0.361142208
1745407685.859297 1.199990064 0.446360011 1.115316885 -0.592394108 0.681309428 -0.233373071 -0.361142208
1745407685.910138 1.088563111 0.230518574 0.820514860 -0.595146737 0.682378144 -0.229271573 -0.357204388
1745407685.960261 1.054664312 0.296020451 0.658687044 -0.589217347 0.697490439 -0.212645432 -0.348011389
1745407686.010842 0.785769418 0.335787949 0.756674096 -0.586892158 0.695990472 -0.199592521 -0.362377818
1745407686.061911 0.650236966 0.125724794 0.700984276 -0.580853302 0.709695970 -0.175617640 -0.357909927
1745407686.111971 0.744901620 0.031060140 0.795648929 -0.580853302 0.709695970 -0.175617640 -0.357909927
1745407686.162457 0.678268429 -0.052092848 0.704022761 -0.579541983 0.720941134 -0.143845903 -0.351686404
1745407686.213091 0.195550772 -0.821726353 0.169796440 -0.536232327 -0.048503010 -0.121409402 0.833883749
1745407686.263375 0.091530650 -0.949245171 0.071856855 -0.521342755 -0.038511560 -0.133334189 0.841986096
1745407686.313718 0.607850536 0.249863984 0.627524332 -0.585336088 0.710137749 -0.162888860 -0.355743250
1745407686.364697 0.585890093 0.142590156 0.605962432 -0.576467976 0.719759756 -0.154017330 -0.354836903
1745407686.415451 0.554169962 0.174310287 0.574242302 -0.576467976 0.719759756 -0.154017330 -0.354836903
1745407686.466262 0.540635073 0.140995855 0.565289539 -0.572508757 0.737535521 -0.126516834 -0.335065022
1745407686.517213 0.540143809 0.133200494 0.608048687 -0.569885662 0.736076835 -0.140363959 -0.337222751
1745407686.567884 0.505175436 0.074544591 0.572921940 -0.565411120 0.744716074 -0.129303705 -0.330134497
1745407686.618806 0.488689512 0.053375114 0.554366995 -0.565430380 0.747654209 -0.126673865 -0.324430889
1745407686.669102 0.197355526 -0.739420152 0.131678043 -0.545833430 -0.066005931 -0.082103285 0.831244931
1745407686.720230 0.230133936 -0.752779860 0.132148737 -0.547949079 -0.075187902 -0.083722811 0.828908365
1745407686.770878 0.232455263 -0.762066212 0.106821378 -0.547949079 -0.075187902 -0.083722811 0.828908365
1745407686.821537 0.223982643 -0.771666210 0.072532727 -0.545194899 -0.080341495 -0.083514633 0.830260846
1745407686.871807 0.208102976 -0.785436643 0.056524093 -0.547561384 -0.078597018 -0.080211831 0.829195454
1745407686.921992 0.201122927 -0.791338970 0.059327919 -0.547561384 -0.078597018 -0.080211831 0.829195454
1745407686.972240 0.181635011 -0.795549485 0.032662433 -0.545471747 -0.072527227 -0.075860388 0.831532066
1745407687.022886 0.509289305 0.104625169 0.658261884 -0.565756891 0.751215506 -0.123283388 -0.316852661
1745407687.073043 0.503868139 0.103632432 0.640270545 -0.567951106 0.747192077 -0.124067949 -0.322091114
1745407687.123993 0.205737668 -0.813238239 0.069335262 -0.545720274 -0.070316668 -0.082474569 0.830928934
1745407687.174721 0.196893041 -0.817998556 0.055000231 -0.547021787 -0.063734470 -0.077081957 0.831121805
1745407687.224893 0.211691802 -0.832797317 0.069798992 -0.547021787 -0.063734470 -0.077081957 0.831121805
1745407687.275100 0.197678309 -0.847957166 0.055759541 -0.550794631 -0.060801974 -0.072684856 0.829243816
1745407687.326082 0.216135581 -0.853658855 0.058048612 -0.550794631 -0.060801974 -0.072684856 0.829243816
1745407687.376668 0.217032753 -0.859917234 0.073955662 -0.565679199 -0.054677828 -0.061173577 0.820533468
1745407687.427679 0.238671308 -0.871907102 0.073887812 -0.568605411 -0.060089875 -0.063649466 0.817939997
1745407687.477853 0.231198557 -0.878960149 0.086463682 -0.568605411 -0.060089875 -0.063649466 0.817939997
1745407687.528256 0.221521228 -0.882812164 0.058583294 -0.565555371 -0.058385180 -0.061084975 0.820369989
1745407687.578278 0.231122270 -0.892413205 0.068184336 -0.565555371 -0.058385180 -0.061084975 0.820369989
1745407687.628643 0.221170716 -0.899834415 0.048240669 -0.564624164 -0.057050523 -0.060020932 0.821183463
1745407687.679049 0.232202141 -0.903362558 0.055584587 -0.564578076 -0.056807506 -0.059808644 0.821247484
1745407687.729553 0.217238498 -0.913276654 0.035611471 -0.565906976 -0.052324016 -0.055966243 0.820901499
1745407687.779643 0.230387283 -0.919843601 0.023220784 -0.566327998 -0.050774569 -0.055155784 0.820763292
1745407687.830230 0.223798819 -0.924150427 0.007195385 -0.566327998 -0.050774569 -0.055155784 0.820763292
1745407687.880872 0.217562389 -0.929593776 -0.011859596 -0.565929155 -0.050497274 -0.051457478 0.821295528
1745407687.931353 0.547366108 0.164665279 0.776788093 -0.533038797 0.771205556 -0.118281230 -0.327293724
1745407687.982041 0.558267774 0.160632554 0.781616011 -0.531961458 0.771651845 -0.124056788 -0.325853265
1745407688.032932 0.236853483 -0.955753812 0.013505247 -0.562020651 -0.047372401 -0.049746160 0.824265711
1745407688.083627 0.222292129 -0.965594462 0.008258075 -0.569908157 -0.034314373 -0.041779747 0.819927844
1745407688.133818 0.237928678 -0.966865761 0.015015844 -0.569736433 -0.036205244 -0.039443829 0.820081558
1745407688.184184 0.234311642 -0.971895701 -0.000460196 -0.570553539 -0.036228382 -0.035313070 0.819700647
1745407688.234949 0.250602299 -0.976283285 0.016813588 -0.570553539 -0.036228382 -0.035313070 0.819700647
1745407688.285157 0.243320296 -0.982896997 0.016274768 -0.574082946 -0.033266453 -0.032631635 0.817470055
1745407688.335736 0.239709687 -0.983811540 0.002290951 -0.574082946 -0.033266453 -0.032631635 0.817470055
1745407688.385896 0.228379774 -0.993206912 -0.013251247 -0.575517990 -0.030892332 -0.031522372 0.816597237
1745407688.436540 0.218236560 -1.000032744 -0.002730688 -0.584950623 -0.018089207 -0.023278819 0.810532940
1745407688.487002 0.213786368 -1.006474095 -0.022890911 -0.585369323 -0.017599710 -0.023560112 0.810233254
1745407688.537541 0.207009143 -1.013775797 -0.036270840 -0.585787604 -0.017825529 -0.022373204 0.809959612
1745407688.587735 0.589671208 0.217095446 0.832951191 -0.490839150 0.792917856 -0.119134195 -0.340830232
1745407688.638140 0.586023736 0.217233012 0.836082690 -0.489914349 0.794884191 -0.125124023 -0.335390866
1745407688.688605 0.580287012 0.222969736 0.830345966 -0.489914349 0.794884191 -0.125124023 -0.335390866
1745407688.739514 0.585623672 0.220590343 0.832773986 -0.487883183 0.796509575 -0.130843848 -0.332298636
1745407688.789750 0.598002699 0.214954147 0.818381373 -0.488879461 0.795490402 -0.131344816 -0.333077215
1745407688.840317 0.597386440 0.216738325 0.809745991 -0.490741516 0.794227391 -0.131713522 -0.333207389
1745407688.891804 0.597505072 0.213586862 0.787530957 -0.491750556 0.792378337 -0.125721325 -0.338396380
1745407688.941857 0.594100040 0.209116082 0.774911308 -0.491378822 0.793210486 -0.126504287 -0.336690723
1745407688.991915 0.602490846 0.204575780 0.770814519 -0.489484380 0.794047452 -0.127689976 -0.337029607
1745407689.042862 0.610789038 0.196277588 0.779112712 -0.489484380 0.794047452 -0.127689976 -0.337029607
1745407689.093009 0.604583464 0.195333058 0.786327801 -0.488014731 0.797268545 -0.133409212 -0.329251382
1745407689.143384 0.611826162 0.188090360 0.793570498 -0.488014731 0.797268545 -0.133409212 -0.329251382
1745407689.194156 0.598646220 0.198401685 0.804924731 -0.485474024 0.799302028 -0.146614838 -0.322390028
1745407689.244634 0.212633432 -1.009681338 0.006354921 -0.562961094 -0.009508473 -0.004943287 0.826413915
1745407689.295648 0.224641810 -1.011555612 0.010217136 -0.563454209 -0.012268556 -0.008523460 0.826012220
1745407689.346094 0.610349273 0.176564529 0.824773947 -0.488902654 0.797287795 -0.144504684 -0.323148207
1745407689.396802 0.618587950 0.175784377 0.825316384 -0.489320258 0.796092257 -0.148228399 -0.323776381
1745407689.447652 0.237652635 -1.032024962 0.030924201 -0.560976754 -0.009997096 -0.009817485 0.827712968
1745407689.498098 0.244454964 -1.035090055 0.035070216 -0.562740281 -0.012782084 -0.011213880 0.826458857
1745407689.548699 0.236080797 -1.026715888 0.026696049 -0.562740281 -0.012782084 -0.011213880 0.826458857
1745407689.599438 0.252891015 -1.033516894 0.035505077 -0.565437851 -0.018870758 -0.013598170 0.824462868
1745407689.649738 0.255506439 -1.037128361 0.041562045 -0.565437851 -0.018870758 -0.013598170 0.824462868
1745407689.700076 0.245583813 -1.045390384 0.052460751 -0.567047913 -0.017498605 -0.014706991 0.823367577
1745407689.750396 0.249634504 -1.048693992 0.059490752 -0.569509224 -0.020968065 -0.017463500 0.821531868
1745407689.800607 0.244568934 -1.043628422 0.054425182 -0.569509224 -0.020968065 -0.017463500 0.821531868
1745407689.851917 0.249983892 -1.049361504 0.063920971 -0.569509224 -0.020968065 -0.017463500 0.821531868
1745407689.901976 0.257277542 -1.055247032 0.056394137 -0.569509224 -0.020968065 -0.017463500 0.821531868
1745407689.952211 0.263485636 -1.057926999 0.052888805 -0.569509224 -0.020968064 -0.017463500 0.821531868
1745407690.002889 0.270921941 -1.060699433 0.048693561 -0.569535933 -0.022455511 -0.018688990 0.821447073
1745407690.052933 0.276437374 -1.066214866 0.054208994 -0.569535933 -0.022455511 -0.018688990 0.821447073
1745407690.103225 0.285436386 -1.071205323 0.044976420 -0.568932919 -0.020509010 -0.016875403 0.821954947
1745407690.154035 0.643839878 0.141929059 0.884299844 -0.496139811 0.793286465 -0.134241454 -0.326375709
1745407690.204366 0.645811820 0.146745214 0.885045929 -0.494237531 0.793112844 -0.140865230 -0.326891826
1745407690.254435 0.642342829 0.149078963 0.892158641 -0.493907412 0.794338395 -0.146308348 -0.321987345
1745407690.304724 0.638046189 0.146705809 0.889284569 -0.494507802 0.794987069 -0.146794801 -0.319231702
1745407690.355451 0.644226852 0.145496699 0.887474934 -0.493068258 0.794973747 -0.150983963 -0.319537600
1745407690.405593 0.637587575 0.152135976 0.880835657 -0.493068258 0.794973747 -0.150983963 -0.319537600
1745407690.455766 0.628290659 0.153714215 0.888524020 -0.491800020 0.796994358 -0.156415850 -0.313794224
1745407690.506715 0.636180146 0.148480812 0.898324401 -0.491800020 0.796994358 -0.156415850 -0.313794224
1745407690.557083 0.633364409 0.145349110 0.900753920 -0.491481758 0.798184704 -0.156642039 -0.311143266
1745407690.608565 0.636305480 0.140842680 0.908710188 -0.491481758 0.798184704 -0.156642039 -0.311143266
1745407690.659280 0.643528776 0.140954888 0.907663936 -0.495137122 0.795540298 -0.150187369 -0.315275466
1745407690.709471 0.627289793 0.147813805 0.920109351 -0.494606436 0.797441558 -0.159627867 -0.306545883
1745407690.760037 0.628183066 0.146687075 0.912017514 -0.494893248 0.797158234 -0.159383885 -0.306946577
1745407690.810208 0.629619265 0.142585022 0.913942096 -0.491907247 0.799408745 -0.162623124 -0.304181916
1745407690.860880 0.635922175 0.136282113 0.920245005 -0.491907247 0.799408745 -0.162623124 -0.304181916
1745407690.912199 0.641688688 0.137560621 0.915301045 -0.491907247 0.799408745 -0.162623124 -0.304181916
1745407690.963510 0.652016828 0.136179016 0.912680760 -0.491808889 0.799662948 -0.163218925 -0.303352549
1745407691.013768 0.657421748 0.133602274 0.909405513 -0.491808889 0.799662948 -0.163218925 -0.303352549
1745407691.064412 0.674069860 0.123467338 0.899592171 -0.493448232 0.798515465 -0.160197568 -0.305317267
1745407691.114455 0.679943504 0.126147065 0.898732302 -0.493448232 0.798515465 -0.160197568 -0.305317267
1745407691.165627 0.665001276 0.130179326 0.911209490 -0.494311144 0.800006585 -0.167062882 -0.296202549
1745407691.216001 0.308782710 -1.103963312 0.062574495 -0.536442839 -0.017924251 0.005480724 0.843728489
1745407691.266101 0.321267108 -1.103689805 0.081741792 -0.540456846 -0.033558692 -0.000097979 0.840702208
1745407691.317341 0.327375138 -1.107017097 0.080787299 -0.540457698 -0.033570100 -0.000116427 0.840701202
1745407691.367593 0.327914028 -1.108308364 0.072671437 -0.540368188 -0.032776427 0.000950970 0.840789524
1745407691.418542 0.332604399 -1.109710539 0.078214635 -0.541705164 -0.038415269 -0.002016844 0.839687868
1745407691.468754 0.338741988 -1.115848128 0.084352225 -0.541705164 -0.038415269 -0.002016844 0.839687868
1745407691.519453 0.328727053 -1.121166786 0.082777179 -0.542267180 -0.037245970 -0.005464677 0.839362366
1745407691.570442 0.687295442 0.105144290 0.933245317 -0.509265091 0.794529157 -0.150024015 -0.294729164
1745407691.620965 0.687672355 0.107667041 0.921727093 -0.511274894 0.792337443 -0.147859146 -0.298223127
1745407691.671628 0.317934549 -1.113273945 0.083879811 -0.544268920 -0.037638977 -0.009907664 0.838007451
1745407691.721858 0.317216951 -1.116936639 0.079230431 -0.544619778 -0.038591581 -0.009474313 0.837741144
1745407691.772288 0.697721265 0.101998423 0.935707785 -0.511420932 0.792636454 -0.146952840 -0.297625513
1745407691.823538 0.682888187 0.113229871 0.947133901 -0.510078420 0.793609358 -0.157508451 -0.291882304
1745407691.873710 0.687706102 0.114862891 0.943571466 -0.510078420 0.793609358 -0.157508451 -0.291882304
1745407691.923952 0.687483697 0.111890576 0.935531689 -0.509378546 0.793680513 -0.157074461 -0.293142207
1745407691.974755 0.688719067 0.107370677 0.944640716 -0.509378546 0.793680513 -0.157074461 -0.293142207
1745407692.025482 0.686456079 0.105614460 0.939212623 -0.509781191 0.793226006 -0.157317035 -0.293542144
1745407692.075885 0.688666546 0.103827964 0.944355654 -0.512414888 0.791206383 -0.155912967 -0.295151808
1745407692.126181 0.660828858 0.086898257 0.969687425 -0.515737555 0.796896348 -0.155576681 -0.273435332
1745407692.177017 0.673748276 0.080164220 0.960391731 -0.519301503 0.794892699 -0.148026782 -0.276694088
1745407692.227900 0.675912080 0.078421582 0.966024774 -0.519301503 0.794892699 -0.148026782 -0.276694088
1745407692.278478 0.677193288 0.076708184 0.957205518 -0.519690968 0.794113135 -0.147056047 -0.278711581
1745407692.329468 0.678412347 0.073709102 0.950212055 -0.519543890 0.794286247 -0.146858464 -0.278596656
1745407692.380585 0.671652714 0.060376151 0.951715966 -0.518891396 0.796805057 -0.144112971 -0.274016188
1745407692.431622 0.666508759 0.054810148 0.946305457 -0.516840363 0.797806606 -0.145248653 -0.274378364
1745407692.481904 0.375292180 -1.096611087 0.095495482 -0.535166932 -0.056126151 0.003803514 0.842871131
1745407692.531922 0.380992997 -1.095272671 0.110508552 -0.537591505 -0.068313867 -0.000845129 0.840433147
1745407692.582968 0.385459983 -1.096948746 0.113542821 -0.537591504 -0.068313865 -0.000845127 0.840433148
1745407692.633400 0.391183296 -1.098663106 0.116347924 -0.538216950 -0.072951050 -0.003546194 0.839635685
1745407692.683587 0.395547188 -1.097810068 0.121377764 -0.537950659 -0.073389045 -0.000280141 0.839775600
1745407692.733760 0.392807666 -1.100268448 0.114325024 -0.537733128 -0.073397532 -0.000425174 0.839914106
1745407692.784727 0.388685152 -1.104172117 0.109199160 -0.537715631 -0.073261534 -0.001014188 0.839936676
1745407692.835486 0.391679591 -1.107166556 0.112193599 -0.537715631 -0.073261534 -0.001014188 0.839936676
1745407692.886355 0.387106454 -1.111354462 0.105362621 -0.536978665 -0.073361545 -0.001396281 0.840398743
1745407692.937063 0.386561677 -1.114389570 0.109670511 -0.536873943 -0.073077515 -0.001874284 0.840489461
1745407692.987539 0.385035116 -1.116995111 0.114400285 -0.536873943 -0.073077515 -0.001874284 0.840489461
1745407693.038459 0.389351846 -1.117033881 0.123717785 -0.537693596 -0.082480786 -0.006338485 0.839072309
1745407693.089109 0.392232239 -1.119914274 0.126598179 -0.537693596 -0.082480786 -0.006338485 0.839072309
1745407693.139933 0.391332698 -1.122495590 0.131208914 -0.537374906 -0.082588603 -0.006566704 0.839264089
1745407693.190239 0.390124991 -1.125593046 0.138062907 -0.537374906 -0.082588603 -0.006566704 0.839264089
1745407693.240903 0.391845869 -1.127176758 0.136226171 -0.537778841 -0.087159115 -0.007108637 0.838538415
1745407693.291359 0.395688755 -1.127363159 0.146611829 -0.539414583 -0.095734639 -0.011265630 0.836504556
1745407693.342109 0.398593349 -1.130267753 0.149516423 -0.539414583 -0.095734639 -0.011265630 0.836504556
1745407693.392811 0.385110555 -1.138366505 0.158454296 -0.541071593 -0.093599894 -0.014254745 0.835629938
1745407693.443082 0.387908447 -1.139808789 0.155000079 -0.541071593 -0.093599894 -0.014254745 0.835629938
1745407693.493701 0.382092834 -1.141744172 0.154351364 -0.538223712 -0.100333507 -0.021658695 0.836528137
1745407693.544489 0.387382643 -1.143895661 0.148004789 -0.538223712 -0.100333507 -0.021658695 0.836528137
1745407693.594497 0.386341901 -1.145841820 0.150752392 -0.538223712 -0.100333507 -0.021658695 0.836528137
1745407693.645519 0.391386290 -1.147690324 0.154974099 -0.539883927 -0.103567228 -0.022938950 0.835028730
1745407693.695998 0.388944296 -1.145248330 0.152532105 -0.539883927 -0.103567228 -0.022938950 0.835028730
1745407693.746241 0.397815645 -1.145574128 0.162929185 -0.542268990 -0.109939082 -0.024241302 0.832628429
1745407693.797195 0.399844602 -1.147603085 0.164958142 -0.542268990 -0.109939082 -0.024241302 0.832628429
1745407693.847590 0.396688372 -1.150438618 0.167891367 -0.542386309 -0.109769602 -0.024283435 0.832573144
1745407693.897871 0.409826658 -1.146108144 0.139322612 -0.534776004 -0.103508575 -0.014783240 0.838499885
1745407693.948683 0.405178140 -1.149829173 0.142475164 -0.534358938 -0.104105007 -0.015653519 0.838676124
1745407693.998949 0.408217655 -1.152006647 0.140561189 -0.534347359 -0.104079584 -0.015624653 0.838687194
1745407694.049475 0.404784455 -1.154420312 0.143412043 -0.534347359 -0.104079584 -0.015624653 0.838687194
1745407694.099607 0.406174551 -1.157461664 0.139758889 -0.534646567 -0.104697166 -0.017181575 0.838389137
1745407694.150520 0.408273757 -1.159560870 0.141858096 -0.534646567 -0.104697166 -0.017181575 0.838389137
1745407694.200870 0.410927628 -1.161029934 0.145324912 -0.534646567 -0.104697166 -0.017181575 0.838389137
1745407694.251698 0.409546342 -1.164487886 0.149812074 -0.534646567 -0.104697166 -0.017181575 0.838389137
1745407694.302061 0.406328028 -1.167724922 0.155521075 -0.535563019 -0.104104403 -0.017708826 0.837866889
1745407694.353001 0.408479772 -1.169876665 0.157672819 -0.535563019 -0.104104403 -0.017708826 0.837866889
1745407694.403478 0.408895200 -1.172402905 0.153391483 -0.535649963 -0.103161307 -0.018432496 0.837912349
1745407694.454278 0.751707793 0.011799912 1.007211510 -0.553971136 0.782384564 -0.114951061 -0.260339449
1745407694.505248 0.750430770 0.012036683 1.013774445 -0.551048083 0.783811950 -0.119462198 -0.260218409
1745407694.555424 0.748466068 0.010155098 1.010360086 -0.551170268 0.783745175 -0.119422136 -0.260179150
1745407694.605616 0.752108865 0.010513175 1.009746347 -0.552217283 0.782623339 -0.118495183 -0.261754988
1745407694.656137 0.420198017 -1.182820057 0.162560535 -0.534558882 -0.099285259 -0.018099314 0.839083818
1745407694.706782 0.424283097 -1.181517036 0.164451355 -0.536199566 -0.096896092 -0.014292185 0.838389472
1745407694.756917 0.427228131 -1.183404981 0.160716058 -0.536199566 -0.096896092 -0.014292185 0.838389472
1745407694.807524 0.422831581 -1.182333490 0.154514263 -0.536199566 -0.096896092 -0.014292185 0.838389472
1745407694.857777 0.424711306 -1.182297322 0.160598245 -0.537317896 -0.100543844 -0.015786345 0.837216343
1745407694.908148 0.421260417 -1.182761327 0.157664636 -0.537317896 -0.100543844 -0.015786345 0.837216343
1745407694.958257 0.421017644 -1.184363346 0.157205987 -0.537877953 -0.100144682 -0.016487152 0.836890987
1745407695.009317 0.420676714 -1.186950736 0.162850381 -0.537877953 -0.100144682 -0.016487152 0.836890987
1745407695.059417 0.420388985 -1.186065389 0.187484055 -0.544147519 -0.106970528 -0.019973091 0.831902554
1745407695.110201 0.422249466 -1.188703723 0.190456018 -0.545012380 -0.109151260 -0.021910678 0.831003869
1745407695.160522 0.419712408 -1.186166664 0.187918960 -0.545012380 -0.109151260 -0.021910678 0.831003869
1745407695.211124 0.421339688 -1.188795853 0.182726469 -0.544852454 -0.108707482 -0.022822344 0.831142363
1745407695.261744 0.424568923 -1.188749482 0.183549464 -0.544789673 -0.109873809 -0.023792193 0.831002942
1745407695.311796 0.425064272 -1.190308306 0.181222319 -0.545201901 -0.111625993 -0.023375593 0.830510750
1745407695.361802 0.426451182 -1.191345121 0.181662063 -0.545166641 -0.114127919 -0.025106381 0.830143253
1745407695.413312 0.422970756 -1.193089982 0.177612113 -0.545166641 -0.114127919 -0.025106381 0.830143253
1745407695.464566 0.427196225 -1.193246760 0.182735892 -0.545325440 -0.114534720 -0.023052189 0.830042504
1745407695.514628 0.423552967 -1.189603502 0.179092633 -0.545325440 -0.114534720 -0.023052189 0.830042504
1745407695.564967 0.424522618 -1.190658567 0.183548841 -0.545767771 -0.114525897 -0.022407076 0.829770620
1745407695.615171 0.426779211 -1.191533208 0.188390795 -0.546400588 -0.114622197 -0.021353206 0.829368549
1745407695.665263 0.424616731 -1.194451467 0.193153052 -0.546882729 -0.114032178 -0.021141787 0.829137485
1745407695.715863 0.424313453 -1.195591948 0.190691584 -0.546727035 -0.113938073 -0.021906040 0.829233254
1745407695.766470 0.780287467 -0.009008972 1.013909336 -0.557187678 0.781763586 -0.097322865 -0.262518282
1745407695.817470 0.783480958 -0.010467355 1.009995412 -0.557327375 0.781620235 -0.097002213 -0.262767150
1745407695.868763 0.421861738 -1.194875342 0.195347284 -0.546973084 -0.114060171 -0.022213142 0.829046017
1745407695.919556 0.422278176 -1.194503190 0.194885474 -0.548699884 -0.109543213 -0.018898225 0.828596149
1745407695.969703 0.421332487 -1.196808617 0.191392450 -0.548258895 -0.109599083 -0.020517796 0.828842111
1745407696.020667 0.424052302 -1.196502651 0.192205929 -0.549023038 -0.110075029 -0.018826436 0.828313200
1745407696.072085 0.422049032 -1.197382660 0.203060830 -0.550865316 -0.115886919 -0.023226569 0.826182881
1745407696.122788 0.795287635 -0.019954006 1.014275837 -0.557314118 0.781629281 -0.092047326 -0.264544761
1745407696.173239 0.797571868 -0.023879698 1.012806348 -0.556638917 0.781973473 -0.089156037 -0.265935715
1745407696.224294 0.799282618 -0.025590448 1.014517098 -0.556638917 0.781973473 -0.089156037 -0.265935715
1745407696.275151 0.803801429 -0.025692493 1.008399073 -0.557405536 0.781199979 -0.088572154 -0.266796991
1745407696.325367 0.806583654 -0.028011067 1.003299879 -0.557317276 0.781316233 -0.088280623 -0.266737568
1745407696.375575 0.805621435 -0.029098948 1.001491385 -0.557317276 0.781316233 -0.088280623 -0.266737568
1745407696.425939 0.809047448 -0.031381342 1.001339338 -0.557317276 0.781316233 -0.088280623 -0.266737568
1745407696.476314 0.806015946 -0.028349841 0.998307837 -0.557317276 0.781316233 -0.088280623 -0.266737568
1745407696.526678 0.802197592 -0.026212501 1.002968956 -0.556629619 0.781947563 -0.091590496 -0.265203047
1745407696.577504 0.803370907 -0.027385815 1.004142270 -0.556629619 0.781947563 -0.091590496 -0.265203047
1745407696.627743 0.805752101 -0.028779423 1.000711852 -0.556629619 0.781947563 -0.091590496 -0.265203047
1745407696.678262 0.805736062 -0.031019843 1.003565771 -0.556548340 0.782125890 -0.091414467 -0.264908348
1745407696.728356 0.820594502 -0.018874461 0.989041049 -0.558324353 0.777542947 -0.090746479 -0.274710681
1745407696.779065 0.822424976 -0.019382091 0.988368982 -0.558324353 0.777542947 -0.090746479 -0.274710681
1745407696.829321 0.819620923 -0.020415678 0.985234364 -0.558612844 0.777459520 -0.091245462 -0.274194548
1745407696.880037 0.820887151 -0.021681906 0.986500592 -0.558612844 0.777459520 -0.091245462 -0.274194548
1745407696.930159 0.823202722 -0.022311971 0.982595081 -0.558739241 0.777298810 -0.091333372 -0.274363329
1745407696.980212 0.825223448 -0.024332697 0.984615807 -0.558739241 0.777298810 -0.091333372 -0.274363329
1745407697.031032 0.826074988 -0.024997688 0.982860054 -0.558739241 0.777298810 -0.091333372 -0.274363329
1745407697.081175 0.825101197 -0.024210861 0.981162061 -0.559135268 0.777309050 -0.091300689 -0.273537160
1745407697.131989 0.826186764 -0.028367840 0.977809722 -0.557923501 0.778334167 -0.090965467 -0.273207933
1745407697.182215 0.827348832 -0.030959289 0.975676886 -0.557678177 0.778641528 -0.090284857 -0.273058723
1745407697.232426 0.827442558 -0.031182710 0.976687651 -0.557970920 0.778109420 -0.090276307 -0.273978780
1745407697.282588 0.826407784 -0.027947923 0.975289786 -0.559624903 0.776841761 -0.091228330 -0.273887272
1745407697.332648 0.394436001 -1.192895863 0.245553999 -0.553967990 -0.112299997 -0.032718679 0.824280089
1745407697.383224 0.394150610 -1.194187061 0.240777867 -0.553316322 -0.112791424 -0.032445734 0.824661396
1745407697.433259 0.397409133 -1.195862814 0.238446798 -0.553316322 -0.112791424 -0.032445734 0.824661396
1745407697.483945 0.400900146 -1.196709226 0.226299772 -0.550464648 -0.112018496 -0.030092802 0.826761726
1745407697.534078 0.400471790 -1.198031292 0.224578884 -0.550397121 -0.112000300 -0.030859303 0.826780893
1745407697.584822 0.816374497 -0.018814995 0.992267403 -0.559822201 0.777297470 -0.094906841 -0.270925149
1745407697.635800 0.819845575 -0.020155013 0.988732439 -0.559822201 0.777297470 -0.094906841 -0.270925149
1745407697.686558 0.818419625 -0.018729063 0.987306489 -0.559822201 0.777297470 -0.094906841 -0.270925149
1745407697.736767 0.817749837 -0.021756170 0.990883704 -0.559221121 0.777858588 -0.094751282 -0.270610330
1745407697.787374 0.828406425 -0.013680079 0.980303101 -0.560056121 0.774736159 -0.094195925 -0.277935520
1745407697.837590 0.830069755 -0.015343409 0.981966431 -0.560056121 0.774736159 -0.094195925 -0.277935520
1745407697.888261 0.828070931 -0.015980076 0.977855684 -0.559226031 0.775206040 -0.093936993 -0.278384057
1745407697.938658 0.829550796 -0.017459941 0.979335548 -0.559226031 0.775206040 -0.093936993 -0.278384057
1745407697.988869 0.827993204 -0.019457991 0.976293964 -0.559790728 0.774820796 -0.093702402 -0.278400673
1745407698.039151 0.830074518 -0.015512703 0.976697500 -0.559790728 0.774820796 -0.093702402 -0.278400673
1745407698.090151 0.827472283 -0.016151326 0.976890183 -0.561155070 0.774394798 -0.093701524 -0.276835165
1745407698.140654 0.838072478 -0.026224338 0.966382398 -0.563628011 0.773086119 -0.085867075 -0.278007487
1745407698.192131 0.838250027 -0.026850119 0.967888012 -0.563628011 0.773086119 -0.085867075 -0.278007487
1745407698.242634 0.838182618 -0.027530437 0.966858029 -0.563475110 0.773265164 -0.085923936 -0.277801845
1745407698.292648 0.840834661 -0.030182480 0.969510073 -0.563475110 0.773265164 -0.085923936 -0.277801845
1745407698.343102 0.841255389 -0.032316452 0.973767156 -0.563664728 0.773137914 -0.085868526 -0.277788475
1745407698.393185 0.843727527 -0.031469674 0.970454589 -0.564033242 0.772560659 -0.085621167 -0.278721267
1745407698.443540 0.843965295 -0.033902466 0.965180529 -0.565161299 0.771811049 -0.084127941 -0.278967560
1745407698.494485 0.844053042 -0.035860976 0.961624850 -0.566803475 0.770920636 -0.082728778 -0.278515965
1745407698.544785 0.386469142 -1.194661208 0.268897334 -0.558129022 -0.118679389 -0.042954169 0.820098858
1745407698.595341 0.383981477 -1.196332417 0.266649779 -0.557848472 -0.118466980 -0.044481656 0.820239013
1745407698.645475 0.385459355 -1.197255638 0.264720132 -0.557848472 -0.118466980 -0.044481656 0.820239013
1745407698.695620 0.383787685 -1.196837395 0.262114256 -0.557848472 -0.118466980 -0.044481656 0.820239013
1745407698.746133 0.385293065 -1.197909650 0.259338629 -0.557848472 -0.118466980 -0.044481656 0.820239013
1745407698.796608 0.383998273 -1.197496015 0.257128835 -0.557850698 -0.118461755 -0.044475763 0.820238573
1745407698.846732 0.390018395 -1.198190688 0.251951843 -0.557485219 -0.117821050 -0.042581809 0.820679730
1745407698.897284 0.838024413 -0.029852121 0.976090965 -0.566428297 0.771099286 -0.083931407 -0.278424845
1745407698.947757 0.840176054 -0.031134160 0.974482606 -0.566428297 0.771099286 -0.083931407 -0.278424845
1745407698.998131 0.392677000 -1.201718894 0.258370447 -0.557485219 -0.117821050 -0.042581809 0.820679730
1745407699.048559 0.391035521 -1.201793463 0.270634087 -0.559605679 -0.125359350 -0.047319574 0.817855351
1745407699.098728 0.850162637 -0.039404695 0.970564071 -0.571885230 0.767957528 -0.076724263 -0.278032204
1745407699.148757 0.852803105 -0.041309450 0.965309521 -0.571885241 0.767957517 -0.076724254 -0.278032215
1745407699.199691 0.853693798 -0.042200143 0.966200213 -0.571885241 0.767957517 -0.076724254 -0.278032215
1745407699.249932 0.854853930 -0.042934818 0.963943147 -0.571885241 0.767957517 -0.076724254 -0.278032215
1745407699.300262 0.853985982 -0.042066870 0.963075200 -0.571885241 0.767957517 -0.076724254 -0.278032215
1745407699.350992 0.849929660 -0.038357835 0.965502070 -0.573604725 0.767097813 -0.078591662 -0.276336599
1745407699.401214 0.850860610 -0.039288785 0.966433020 -0.573604725 0.767097813 -0.078591662 -0.276336599
1745407699.451937 0.846017137 -0.038418076 0.975453124 -0.572328038 0.768584406 -0.082595400 -0.273672484
1745407699.502434 0.846262086 -0.038663025 0.975698073 -0.572328038 0.768584406 -0.082595400 -0.273672484
1745407699.553032 0.849368883 -0.038924319 0.971165404 -0.573547759 0.767734742 -0.082060436 -0.273664794
1745407699.603868 0.850261007 -0.039597817 0.970416728 -0.573547759 0.767734742 -0.082060436 -0.273664794
1745407699.654245 0.849651077 -0.031695239 0.968067462 -0.575727863 0.765489946 -0.084277980 -0.274699460
1745407699.705235 0.853104574 -0.032794464 0.963177265 -0.575199655 0.765492993 -0.083749915 -0.275956130
1745407699.755279 0.852229357 -0.031991359 0.960624028 -0.575199655 0.765492993 -0.083749915 -0.275956130
1745407699.805997 0.851226783 -0.026780235 0.959159540 -0.577147909 0.763781389 -0.085224454 -0.276179421
1745407699.856113 0.853421506 -0.028152274 0.958287360 -0.577147909 0.763781389 -0.085224454 -0.276179421
1745407699.906232 0.853959494 -0.028705994 0.952566719 -0.577708594 0.763105185 -0.084630374 -0.277057676
1745407699.956274 0.855266913 -0.026746863 0.955184223 -0.578475378 0.762131362 -0.085386964 -0.277904823
1745407700.006906 0.367961191 -1.196481241 0.268043881 -0.551166985 -0.124236304 -0.054414593 0.823297849
1745407700.056947 0.370895825 -1.196092526 0.267670708 -0.551120796 -0.125962316 -0.053342510 0.823136647
1745407700.107055 0.371660874 -1.197513402 0.270563088 -0.551120800 -0.125962317 -0.053342509 0.823136645
1745407700.158410 0.367663081 -1.199799445 0.271119254 -0.550621448 -0.125959960 -0.055129228 0.823353434
1745407700.209091 0.368871453 -1.200834865 0.268412274 -0.550621448 -0.125959960 -0.055129228 0.823353434
1745407700.259563 0.369838354 -1.201487864 0.266844251 -0.550621448 -0.125959960 -0.055129228 0.823353434
1745407700.309825 0.371357802 -1.202253148 0.265065033 -0.550621448 -0.125959960 -0.055129228 0.823353434
1745407700.360614 0.370006260 -1.200901606 0.263713490 -0.550621448 -0.125959960 -0.055129228 0.823353434
1745407700.411963 0.368396088 -1.199286973 0.283282934 -0.554026491 -0.135416600 -0.060043399 0.819214124
1745407700.462310 0.366137032 -1.197027917 0.281023878 -0.554026491 -0.135416600 -0.060043399 0.819214124
1745407700.512517 0.370135761 -1.196670853 0.280367792 -0.554437986 -0.135761572 -0.058834275 0.818966326
1745407700.562689 0.356675417 -1.201358078 0.274225848 -0.553332621 -0.133686434 -0.063516603 0.819705184
1745407700.613081 0.359182716 -1.202849455 0.271676486 -0.553332621 -0.133686434 -0.063516603 0.819705184
1745407700.663236 0.358591877 -1.203643798 0.271176375 -0.553387648 -0.135400440 -0.064071322 0.819343455
1745407700.713721 0.359009615 -1.203100177 0.270707364 -0.553387648 -0.135400440 -0.064071322 0.819343455
1745407700.764380 0.359654256 -1.203556655 0.269632182 -0.553387650 -0.135400453 -0.064071326 0.819343451
1745407700.815013 0.361695441 -1.204127353 0.264742961 -0.552364188 -0.135307216 -0.062804081 0.820147187
1745407700.865259 0.857198489 -0.014766577 0.954150969 -0.587891810 0.756159859 -0.076484929 -0.277047908
1745407700.915857 0.858877888 -0.016104527 0.951363585 -0.587891810 0.756159859 -0.076484929 -0.277047908
1745407700.965922 0.859821877 -0.015532389 0.949579900 -0.587891807 0.756159861 -0.076484928 -0.277047908
1745407701.016066 0.856781609 -0.068537773 0.948335889 -0.584696063 0.764090683 -0.059516345 -0.265995766
1745407701.067022 0.856066397 -0.067634286 0.950594709 -0.585468362 0.763478275 -0.059717668 -0.266010376
1745407701.118017 0.857651746 -0.069219636 0.952180059 -0.585468362 0.763478275 -0.059717668 -0.266010376
1745407701.168849 0.857674359 -0.069752034 0.953335932 -0.585468362 0.763478275 -0.059717668 -0.266010376
1745407701.219134 0.394960266 -1.182882592 0.299298694 -0.559897538 -0.149961143 -0.050807091 0.813292716
1745407701.269624 0.398411339 -1.182519909 0.301278833 -0.559798950 -0.150657414 -0.049514178 0.813311641
1745407701.320282 0.857410271 -0.073301701 0.954542777 -0.585134818 0.764178745 -0.059383521 -0.264805000
1745407701.370729 0.855912829 -0.073373890 0.956135761 -0.585381028 0.764374249 -0.060248462 -0.263497974
1745407701.421769 0.858916821 -0.074875900 0.956135654 -0.585381028 0.764374249 -0.060248462 -0.263497974
1745407701.472050 0.857538336 -0.076654525 0.954166962 -0.585381051 0.764374227 -0.060248506 -0.263497977
1745407701.523046 0.855911822 -0.082637899 0.950304442 -0.586831958 0.764167683 -0.057799361 -0.261410095
1745407701.573658 0.857072282 -0.083798359 0.951464901 -0.586831958 0.764167683 -0.057799361 -0.261410095
1745407701.623858 0.858389327 -0.081312211 0.947560184 -0.586791572 0.763325151 -0.058463807 -0.263803616
1745407701.674825 0.398295188 -1.175372304 0.309124330 -0.559258976 -0.152723089 -0.050385380 0.813244348
1745407701.725196 0.400392730 -1.176665984 0.307281314 -0.559258976 -0.152723089 -0.050385380 0.813244348
1745407701.775637 0.856575575 -0.080302321 0.949686991 -0.586791572 0.763325151 -0.058463807 -0.263803616
1745407701.826160 0.869473671 -0.090590092 0.935138074 -0.590091045 0.761005419 -0.048769322 -0.265112926
1745407701.876327 0.867477018 -0.095728106 0.938678491 -0.588627125 0.762386097 -0.048529245 -0.264443678
1745407701.926813 0.872559633 -0.096138590 0.933352453 -0.589826616 0.761153514 -0.046496414 -0.265683974
1745407701.977054 0.873752669 -0.097331625 0.934545488 -0.589826616 0.761153514 -0.046496414 -0.265683974
1745407702.027447 0.873401092 -0.100040548 0.932860759 -0.590449112 0.760994141 -0.045418429 -0.264943260
1745407702.078158 0.858305649 -0.104457665 0.947909061 -0.591133111 0.763308230 -0.048631997 -0.256041246
1745407702.129111 0.414039503 -1.167887487 0.324436091 -0.560443998 -0.165387682 -0.048420131 0.810064770
1745407702.179836 0.414429069 -1.169008840 0.326475896 -0.560443998 -0.165387682 -0.048420131 0.810064770
1745407702.229898 0.860568235 -0.105988463 0.948521407 -0.591133111 0.763308230 -0.048631997 -0.256041246
1745407702.279963 0.858262514 -0.099871005 0.952471209 -0.591105586 0.763074451 -0.052213517 -0.256096304
1745407702.330318 0.860003203 -0.101611695 0.954211898 -0.591105586 0.763074451 -0.052213517 -0.256096304
1745407702.380344 0.847984182 -0.138525805 0.959793052 -0.591087136 0.768045063 -0.042559386 -0.242716868
1745407702.430440 0.846711083 -0.142140890 0.958515946 -0.589420870 0.769108095 -0.042605456 -0.243393819
1745407702.481806 0.847400383 -0.142796146 0.956365247 -0.589420870 0.769108095 -0.042605456 -0.243393819
1745407702.531806 0.849621657 -0.144611881 0.953955084 -0.589220187 0.769289738 -0.042490695 -0.243325731
1745407702.581859 0.851085669 -0.146075894 0.955419097 -0.589220187 0.769289738 -0.042490695 -0.243325731
1745407702.631975 0.848871771 -0.180767272 0.949463809 -0.586985270 0.773752553 -0.030646348 -0.236254273
1745407702.682123 0.864586054 -0.234320337 0.919760376 -0.581966853 0.778432490 -0.005882692 -0.235208065
1745407702.732509 0.866000386 -0.234382589 0.916537065 -0.583230716 0.777593190 -0.004786473 -0.234878376
1745407702.782824 0.867307691 -0.235013097 0.915002981 -0.583230716 0.777593190 -0.004786473 -0.234878376
1745407702.832996 0.869116005 -0.236821411 0.916811295 -0.583230716 0.777593190 -0.004786473 -0.234878376
1745407702.883733 0.875887666 -0.273014281 0.895108516 -0.580574360 0.780244383 0.012398882 -0.232375521
1745407702.934536 0.870803525 -0.275520082 0.899826985 -0.581703300 0.780691939 0.011611169 -0.228049442
1745407702.984802 0.491121247 -1.086404690 0.462097787 -0.589100819 -0.210885861 -0.016778263 0.779875547
1745407703.035882 0.491111565 -1.087700238 0.458107174 -0.588356792 -0.211312787 -0.016366066 0.780330279
1745407703.086036 0.490799779 -1.085862889 0.455198853 -0.588302725 -0.211530089 -0.015804170 0.780323749
1745407703.136654 0.506562696 -1.099001246 0.441600171 -0.588302724 -0.211530092 -0.015804167 0.780323749
1745407703.186778 0.466409369 -1.075726749 0.489245855 -0.587915925 -0.209299498 -0.014875219 0.781234480
1745407703.236866 0.505087916 -1.114405297 0.527924402 -0.587915925 -0.209299498 -0.014875219 0.781234480
1745407703.287151 0.610992045 -1.179675520 0.447936382 -0.587915925 -0.209299498 -0.014875219 0.781234480
1745407703.337268 0.717790001 -1.286473475 0.554734338 -0.587915925 -0.209299498 -0.014875219 0.781234480
1745407703.387524 0.857026148 -1.354537237 0.492849026 -0.585680600 -0.216801911 -0.012910925 0.780902346
1745407703.437938 0.878424087 -1.181737214 0.510624828 -0.553327244 -0.237324956 0.015278946 0.798293417
1745407703.488652 0.677769237 -1.166475575 0.328918206 -0.583148468 -0.214192496 -0.013793699 0.783498036
1745407703.538757 0.660663415 -1.064779739 0.412552337 -0.543076287 -0.244094935 0.024995840 0.803032389
1745407703.589313 0.625608461 -0.924037313 0.228126275 -0.582652024 -0.261688309 0.058788788 0.767189498
1745407703.640481 0.599701452 -0.897198693 0.014919556 -0.581009452 -0.259594105 0.059497763 0.769089678
1745407703.691016 0.724692548 -0.838699908 -0.352635077 -0.553203880 -0.282772861 0.086930821 0.778747718
1745407703.741946 0.526036120 -0.640043479 -0.551291506 -0.553203880 -0.282772861 0.086930821 0.778747718
1745407703.791967 0.315875688 -0.705596415 -0.449764550 -0.574085959 -0.259233961 0.071317287 0.773393114
1745407703.843177 0.338530269 -0.688362390 -0.141054786 -0.589424858 -0.263472629 0.091097810 0.758196346
1745407703.893699 0.126897569 -0.476729689 -0.352687487 -0.589424858 -0.263472629 0.091097810 0.758196346
1745407703.944507 0.302930828 -0.470635291 -0.023545255 -0.602455292 -0.267873696 0.107599232 0.744119419
1745407703.995479 0.156572945 -0.324277408 -0.169903138 -0.602455292 -0.267873696 0.107599232 0.744119419
1745407704.045613 0.495378413 -0.340783680 0.052245880 -0.586453577 -0.280955797 0.118598728 0.750380159
1745407704.095907 0.491104517 -0.161527318 0.123520705 -0.586453577 -0.280955797 0.118598728 0.750380159
1745407704.146000 0.430443808 -0.213900147 -0.209707944 -0.590207541 -0.277602209 0.126359783 0.747412388
1745407704.196115 -0.309646630 0.093102969 0.330505121 -0.518838599 0.845229080 0.069511449 -0.107528918
1745407704.248466 0.081614034 0.134929627 -0.558537717 -0.590207541 -0.277602209 0.126359783 0.747412388
1745407704.298770 0.124354547 0.244258978 -0.820908587 -0.574091762 -0.285036448 0.137874852 0.755091648
1745407704.349247 0.291924524 0.236510102 -0.510958257 -0.584598116 -0.278000245 0.128434661 0.751309154
1745407704.401010 0.369067551 0.159367074 -0.433815229 -0.584598116 -0.278000245 0.128434661 0.751309154
1745407704.452145 0.217548919 0.200533997 -0.236881627 -0.589942606 -0.277922316 0.145166055 0.744079112
1745407704.502150 0.417692137 0.143743322 -0.572622399 -0.592919196 -0.278536030 0.153654699 0.739766680
1745407704.552320 0.466667151 0.265607460 -0.884192720 -0.578221072 -0.284880011 0.164080465 0.746713715
1745407704.603178 0.312278195 0.202334912 -0.628808874 -0.553973171 -0.294292909 0.177948798 0.758181795
1745407704.653544 0.255745183 0.385622360 -0.904679253 -0.555662051 -0.294823593 0.176138545 0.757161771
1745407704.704834 0.214442037 0.471629249 -1.086543841 -0.551432159 -0.291593984 0.173460559 0.762106920
1745407704.754884 0.186219203 0.387050873 -1.260108280 -0.551553326 -0.291051475 0.175197387 0.761829274
1745407704.805789 0.230691337 0.521668610 -1.512478797 -0.546130274 -0.290953127 0.176615494 0.765437763
1745407704.855846 -1.324792657 0.572432711 0.418377477 -0.507938562 0.859203162 0.041364628 -0.045357592
1745407704.906175 -1.094525276 0.645460152 0.383189529 -0.510453859 0.858185617 0.045082658 -0.030362136
1745407704.956845 -1.155751087 0.813193735 0.466095296 -0.515409572 0.854191524 0.064211059 -0.024222975
1745407705.007083 -1.297923746 1.033891273 0.433348261 -0.517793516 0.852026515 0.072911749 -0.024991371
1745407705.058047 -1.344149244 0.942890911 0.245735828 -0.518662216 0.851282187 0.075023938 -0.026068207
1745407705.108316 -1.243107058 0.841848725 0.346778014 -0.518662216 0.851282187 0.075023938 -0.026068207
1745407705.159294 -1.094747658 0.805189476 0.128935086 -0.519574815 0.850559008 0.077704328 -0.023524961
1745407705.209965 -1.141950694 0.833985550 0.266545912 -0.519255795 0.850566374 0.079636949 -0.023837350
1745407705.260214 -1.275449657 0.876033401 0.263140236 -0.517898508 0.850205740 0.089120962 -0.031445032
1745407705.310644 -1.266508422 0.936876475 0.069189223 -0.515577701 0.851758513 0.087830514 -0.031190864
1745407705.361721 -0.033502131 0.363134079 -1.369199776 -0.560480031 -0.330369841 0.176086028 0.738722961
1745407705.411995 -0.071950139 0.402533397 -1.225514999 -0.556729188 -0.329881090 0.173755147 0.742320838
1745407705.462998 -0.955534465 0.624951207 0.198030394 -0.518718491 0.850324463 0.083305547 -0.030653229
1745407705.513731 -1.102440132 0.611421849 0.200772447 -0.522975101 0.846845031 0.089144872 -0.037466359
1745407705.564023 -1.118036488 0.653957455 0.114185982 -0.522975101 0.846845031 0.089144872 -0.037466359
1745407705.614571 -1.108784275 0.699251365 0.300634129 -0.523344549 0.846305587 0.092882228 -0.035358565
1745407705.664824 -1.104222921 0.751724667 0.190951398 -0.517380475 0.850352641 0.088851796 -0.036375662
1745407705.715389 -1.196880372 0.844382119 0.098293946 -0.517380475 0.850352641 0.088851796 -0.036375662
1745407705.765576 -1.165108855 0.877808205 0.216911246 -0.515548905 0.851088445 0.094451288 -0.030606192
1745407705.816344 -1.178083623 0.876211646 0.294759425 -0.512324744 0.853159906 0.092849710 -0.031944667
1745407705.866432 -1.147940297 0.842539958 0.178803657 -0.516971569 0.850215945 0.094802304 -0.029761842
1745407705.916529 -1.156183287 0.826735603 0.102570545 -0.514623608 0.851090617 0.101089819 -0.024251839
1745407705.967463 -0.036067759 0.365515444 -1.294821591 -0.563743437 -0.341480507 0.180257513 0.730131242
1745407706.018046 -0.061176876 0.331533160 -1.240278226 -0.569469030 -0.337290219 0.176399289 0.728576436
1745407706.068515 -0.046047148 0.357515394 -1.314571306 -0.566250995 -0.338119625 0.171987688 0.731748020
1745407706.118901 -0.020302868 0.346032261 -1.372590311 -0.566001127 -0.340289814 0.171511101 0.731046858
1745407706.169547 0.071193736 0.373591088 -1.366447544 -0.571737125 -0.339300904 0.161692351 0.729278506
1745407706.220273 0.047680816 0.401062767 -1.308413937 -0.572082056 -0.338396858 0.160879261 0.729607806
1745407706.270966 -0.024115450 0.426564450 -1.300209744 -0.564659925 -0.334543014 0.167238472 0.735711516
1745407706.322011 -1.121602570 0.719153570 0.154491724 -0.521356564 0.847324978 0.094391817 -0.036302883
1745407706.372957 -1.101034814 0.727324926 0.192250006 -0.514489507 0.851861244 0.090865546 -0.037100133
1745407706.423090 -1.118931166 0.706898616 0.229014478 -0.514489507 0.851861244 0.090865546 -0.037100133
1745407706.474002 -1.106459425 0.738628952 0.187800745 -0.507261519 0.856624616 0.086451032 -0.037499841
1745407706.524647 -1.105130377 0.740334784 0.187537578 -0.505716921 0.857181688 0.091170574 -0.034320200
1745407706.574726 -1.112190028 0.718839189 0.170811530 -0.505716921 0.857181688 0.091170574 -0.034320200
1745407706.625564 -1.089007800 0.743728828 0.145652912 -0.498179660 0.862073702 0.085676602 -0.036131410
1745407706.675780 -0.029181174 0.374460146 -1.263841885 -0.568044373 -0.316229091 0.189233844 0.735877235
1745407706.726619 -0.021787288 0.362137151 -1.262151333 -0.574077405 -0.311152028 0.184499983 0.734560620
1745407706.776781 -1.071140104 0.730790241 0.169223941 -0.497221364 0.862063631 0.086988679 -0.045278923
1745407706.827142 -1.071657804 0.731312782 0.178997695 -0.496368792 0.862311863 0.090500745 -0.042963809
1745407706.877627 -1.070473737 0.734840932 0.177116170 -0.496368792 0.862311863 0.090500745 -0.042963809
1745407706.928155 -1.080535048 0.729229507 0.197929009 -0.498875493 0.859985224 0.093474457 -0.053020596
1745407706.978777 -1.086397336 0.731065695 0.206399663 -0.498875493 0.859985224 0.093474457 -0.053020596
1745407707.029088 -1.077226781 0.746886919 0.192103197 -0.493882458 0.863114988 0.090287357 -0.054413497
1745407707.080035 -1.071998249 0.750103868 0.185479233 -0.492211503 0.863972590 0.092335694 -0.052472087
1745407707.130361 -1.060569189 0.764873603 0.159782624 -0.487263485 0.867033037 0.089527906 -0.053035487
1745407707.180559 -1.057036314 0.768898588 0.167967757 -0.484401811 0.868856571 0.086655084 -0.054166790
1745407707.230958 -1.070541622 0.782403896 0.154462450 -0.484401811 0.868856571 0.086655084 -0.054166790
1745407707.281203 -1.074042845 0.787345748 0.138595031 -0.482302734 0.869892108 0.089430351 -0.051710785
1745407707.331806 -1.071803405 0.791059726 0.157729883 -0.480919242 0.870640480 0.090202588 -0.050649088
1745407707.382111 -1.082259343 0.791270550 0.182256218 -0.480197936 0.871036215 0.091263825 -0.048752112
1745407707.432323 -1.083608724 0.791399400 0.198905869 -0.478023246 0.872295471 0.090029126 -0.049891316
1745407707.482749 -1.085633527 0.794251436 0.221538577 -0.478243921 0.872032830 0.090945106 -0.050699937
1745407707.534149 -1.080436400 0.801007336 0.198702704 -0.475893230 0.873329166 0.092448224 -0.047698289
1745407707.584444 -0.058024455 0.337453519 -1.337163559 -0.585130456 -0.300593472 0.201921125 0.725598907
1745407707.635405 -0.049423154 0.338428047 -1.362650578 -0.584815532 -0.299818876 0.200142453 0.726665283
1745407707.686070 -1.102060623 0.813055729 0.211166802 -0.477088606 0.872736101 0.091203517 -0.048990597
1745407707.736991 -1.084369463 0.805639083 0.179549955 -0.479183806 0.872623948 0.084854243 -0.041353159
