1745407684.847602 0.000000000 0.000000000 0.000000000 0.000000000 0.000000000 0.000000000 1.000000000
1745407684.898371 0.006875345 -0.006875345 0.006875345 -0.000000000 -0.000000000 0.000000000 1.000000000
1745407684.948536 0.003577772 -0.006375202 -0.004556495 0.000000000 0.000000000 -0.000000000 1.000000000
1745407684.999440 -0.000056905 -0.005607222 0.006757675 0.000000000 -0.000000000 -0.000000000 1.000000000
1745407685.049989 -0.000877558 -0.004279084 -0.005047989 -0.000000000 0.000000000 0.000000000 1.000000000
1745407685.100162 0.006257350 -0.003011491 -0.014497719 -0.000000000 0.000000000 0.000000000 1.000000000
1745407685.150361 0.000889902 0.000117972 -0.024656856 -0.000000000 0.000000000 0.000000000 1.000000000
1745407685.200694 -0.001156938 -0.005359439 -0.036082723 -0.078659417 0.001040564 -0.129195480 0.988493875
1745407685.251619 -0.000955658 -0.018895291 -0.044506442 -0.205766933 -0.017848755 -0.050553432 0.977131384
1745407685.301971 -0.002421810 -0.027805779 -0.051034798 -0.285112926 0.011454731 -0.194411331 0.938500742
1745407685.352192 -0.000674776 -0.046142153 -0.050909802 -0.422160588 -0.037697057 -0.114222677 0.898505732
1745407685.403500 -0.004793933 -0.043391398 -0.037544203 -0.449184089 -0.018232262 -0.147674356 0.880961704
1745407685.454810 0.002081412 -0.050266743 -0.030668858 -0.449184089 -0.018232262 -0.147674356 0.880961704
1745407685.505618 -0.000954580 -0.045404550 -0.018890893 -0.462533619 -0.004744809 -0.158882410 0.872236503
1745407685.555714 0.011118619 0.035240510 0.029054933 -0.598056199 0.678899087 -0.233802654 -0.356035295
1745407685.605799 0.019854267 0.027092713 0.029090420 -0.598832387 0.676709409 -0.232981573 -0.359421389
1745407685.656396 0.001589061 -0.048536041 -0.007647092 -0.463698421 -0.003712030 -0.162549716 0.870946373
1745407685.707750 0.004496656 -0.054811626 -0.017594406 -0.461952383 0.005615542 -0.159751861 0.872380539
1745407685.758142 0.030187940 0.020127030 0.052279002 -0.592659784 0.678144692 -0.240202941 -0.362183247
1745407685.809113 0.029083046 0.012855855 0.042446968 -0.592394108 0.681309428 -0.233373071 -0.361142208
1745407685.859297 0.034678280 0.007319777 0.033510732 -0.592394108 0.681309428 -0.233373071 -0.361142208
1745407685.910138 0.031188511 0.000557976 0.024168621 -0.595146737 0.682378144 -0.229271573 -0.357204388
1745407685.960261 0.029133318 0.005697238 0.014954944 -0.589217347 0.697490439 -0.212645432 -0.348011389
1745407686.010842 0.019076819 0.007269030 0.018802911 -0.586892158 0.695990472 -0.199592521 -0.362377818
1745407686.061911 0.011225773 -0.002170620 0.015657731 -0.580853302 0.709695970 -0.175617640 -0.357909927
1745407686.111971 0.018101119 -0.009045965 0.022533076 -0.580853302 0.709695970 -0.175617640 -0.357909927
1745407686.162457 0.009540432 -0.012261798 0.013540572 -0.579541983 0.720941134 -0.143845903 -0.351686404
1745407686.213091 0.007146091 -0.004424724 0.003145951 -0.536232327 -0.048503010 -0.121409402 0.833883749
1745407686.263375 0.000848396 -0.013560479 -0.002101086 -0.521342755 -0.038511560 -0.133334189 0.841986096
1745407686.313718 0.000481452 0.012230631 0.003430933 -0.585336088 0.710137749 -0.162888860 -0.355743250
1745407686.364697 -0.002921976 0.001343093 0.000347251 -0.576467976 0.719759756 -0.154017330 -0.354836903
1745407686.415451 -0.009797321 0.008218438 -0.006528094 -0.576467976 0.719759756 -0.154017330 -0.354836903
1745407686.466262 -0.013466943 0.017271026 -0.013613428 -0.572508757 0.737535521 -0.126516834 -0.335065022
1745407686.517213 -0.011544240 0.010501076 -0.004295506 -0.569885662 0.736076835 -0.140363959 -0.337222751
1745407686.567884 -0.017894034 0.004683797 -0.011854140 -0.565411120 0.744716074 -0.129303705 -0.330134497
1745407686.618806 -0.022853408 -0.000399259 -0.021330107 -0.565430380 0.747654209 -0.126673865 -0.324430889
1745407686.669102 0.000539249 0.022713418 -0.000984052 -0.545833430 -0.066005931 -0.082103285 0.831244931
1745407686.720230 0.010667183 0.017373196 -0.003980244 -0.547949079 -0.075187902 -0.083722811 0.828908365
1745407686.770878 0.011688145 0.013288886 -0.015119686 -0.547949079 -0.075187902 -0.083722811 0.828908365
1745407686.821537 0.007592714 0.009966176 -0.025562286 -0.545194899 -0.080341495 -0.083514633 0.830260846
1745407686.871807 0.000031609 0.004012610 -0.032983597 -0.547561384 -0.078597018 -0.080211831 0.829195454
1745407686.921992 -0.008661858 -0.003338584 -0.029491505 -0.547561384 -0.078597018 -0.080211831 0.829195454
1745407686.972240 -0.017961475 -0.004876867 -0.037143271 -0.545471747 -0.072527227 -0.075860388 0.831532066
1745407687.022886 -0.008648433 0.031486774 0.010533363 -0.565756891 0.751215506 -0.123283388 -0.316852661
1745407687.073043 -0.015887254 0.025799686 0.002751967 -0.567951106 0.747192077 -0.124067949 -0.322091114
1745407687.123993 -0.003194050 -0.006718383 -0.021833271 -0.545720274 -0.070316668 -0.082474569 0.830928934
1745407687.174721 -0.011313518 -0.010324994 -0.030065589 -0.547021787 -0.063734470 -0.077081957 0.831121805
1745407687.224893 -0.004438172 -0.017200339 -0.023190244 -0.547021787 -0.063734470 -0.077081957 0.831121805
1745407687.275100 -0.011427230 -0.023824699 -0.030362305 -0.550794631 -0.060801974 -0.072684856 0.829243816
1745407687.326082 -0.000128344 -0.027315070 -0.028961017 -0.550794631 -0.060801974 -0.072684856 0.829243816
1745407687.376668 -0.006937387 -0.036218818 -0.034188119 -0.565679199 -0.054677828 -0.061173577 0.820533468
1745407687.427679 0.003015558 -0.042271476 -0.038237417 -0.568605411 -0.060089875 -0.063649466 0.817939997
1745407687.477853 -0.002464026 -0.047443302 -0.029015840 -0.568605411 -0.060089875 -0.063649466 0.817939997
1745407687.528256 -0.008828727 -0.049172533 -0.039255668 -0.565555371 -0.058385180 -0.061084975 0.820369989
1745407687.578278 -0.001953382 -0.056047878 -0.032380322 -0.565555371 -0.058385180 -0.061084975 0.820369989
1745407687.628643 -0.007953655 -0.060085002 -0.041992688 -0.564624164 -0.057050523 -0.060020932 0.821183463
1745407687.679049 0.001462158 -0.063138129 -0.035409778 -0.564578076 -0.056807506 -0.059808644 0.821247484
1745407687.729553 -0.006051767 -0.067674936 -0.043676760 -0.565906976 -0.052324016 -0.055966243 0.820901499
1745407687.779643 0.002039789 -0.071693811 -0.051180031 -0.566327998 -0.050774569 -0.055155784 0.820763292
1745407687.830230 -0.002354621 -0.074566402 -0.061868740 -0.566327998 -0.050774569 -0.055155784 0.820763292
1745407687.880872 -0.008575019 -0.078213665 -0.071287234 -0.565929155 -0.050497274 -0.051457478 0.821295528
1745407687.931353 0.014351306 0.072437379 0.077063520 -0.533038797 0.771205556 -0.118281230 -0.327293724
1745407687.982041 0.023612216 0.066796894 0.077338344 -0.531961458 0.771651845 -0.124056788 -0.325853265
1745407688.032932 0.006032240 -0.096441350 -0.047693889 -0.562020651 -0.047372401 -0.049746160 0.824265711
1745407688.083627 -0.002640246 -0.102558759 -0.054260597 -0.569908157 -0.034314373 -0.041779747 0.819927844
1745407688.133818 0.007573173 -0.105117499 -0.047668651 -0.569736433 -0.036205244 -0.039443829 0.820081558
1745407688.184184 0.002109968 -0.109067730 -0.057038504 -0.570553539 -0.036228382 -0.035313070 0.819700647
1745407688.234949 0.010144341 -0.111231638 -0.048519263 -0.570553539 -0.036228382 -0.035313070 0.819700647
1745407688.285157 0.002188125 -0.118218405 -0.053997036 -0.574082946 -0.033266453 -0.032631635 0.817470055
1745407688.335736 -0.000783039 -0.118970981 -0.065504292 -0.574082946 -0.033266453 -0.032631635 0.817470055
1745407688.385896 -0.006752515 -0.124073565 -0.074469747 -0.575517990 -0.030892332 -0.031522372 0.816597237
1745407688.436540 -0.017745404 -0.132446311 -0.076361938 -0.584950623 -0.018089207 -0.023278819 0.810532940
1745407688.487002 -0.019739849 -0.135832375 -0.087509708 -0.585369323 -0.017599710 -0.023560112 0.810233254
1745407688.537541 -0.025287906 -0.140954246 -0.096504047 -0.585787604 -0.017825529 -0.022373204 0.809959612
1745407688.587735 0.044938113 0.121304039 0.116154254 -0.490839150 0.792917856 -0.119134195 -0.340830232
1745407688.638140 0.052647284 0.117448648 0.111267939 -0.489914349 0.794884191 -0.125124023 -0.335390866
1745407688.688605 0.045771939 0.124323993 0.104392593 -0.489914349 0.794884191 -0.125124023 -0.335390866
1745407688.739514 0.054921580 0.119574099 0.102067259 -0.487883183 0.796509575 -0.130843848 -0.332298636
1745407688.789750 0.061897923 0.114795920 0.093739860 -0.488879461 0.795490402 -0.131344816 -0.333077215
1745407688.840317 0.060572938 0.114021695 0.081862020 -0.490741516 0.794227391 -0.131713522 -0.333207389
1745407688.891804 0.053968008 0.114617818 0.072769203 -0.491750556 0.792378337 -0.125721325 -0.338396380
1745407688.941857 0.053533418 0.111604733 0.061503572 -0.491378822 0.793210486 -0.126504287 -0.336690723
1745407688.991915 0.063273942 0.106139865 0.056599932 -0.489484380 0.794047452 -0.127689976 -0.337029607
1745407689.042862 0.070149287 0.099264520 0.063475277 -0.489484380 0.794047452 -0.127689976 -0.337029607
1745407689.093009 0.079267863 0.096826494 0.059673093 -0.488014731 0.797268545 -0.133409212 -0.329251382
1745407689.143384 0.086143208 0.089951149 0.066548438 -0.488014731 0.797268545 -0.133409212 -0.329251382
1745407689.194156 0.094275043 0.085509310 0.065930406 -0.485474024 0.799302028 -0.146614838 -0.322390028
1745407689.244634 -0.037602271 -0.142182081 -0.009257635 -0.562961094 -0.009508473 -0.004943287 0.826413915
1745407689.295648 -0.026076161 -0.143108953 -0.008766441 -0.563454209 -0.012268556 -0.008523460 0.826012220
1745407689.346094 0.105129073 0.064056040 0.087819354 -0.488902654 0.797287795 -0.144504684 -0.323148207
1745407689.396802 0.113832203 0.057426699 0.088165962 -0.489320258 0.796092257 -0.148228399 -0.323776381
1745407689.447652 -0.010575880 -0.160683022 0.015090361 -0.560976754 -0.009997096 -0.009817485 0.827712968
1745407689.498098 -0.000415032 -0.166137949 0.012776597 -0.562740281 -0.012782084 -0.011213880 0.826458857
1745407689.548699 -0.007290378 -0.159262604 0.005901252 -0.562740281 -0.012782084 -0.011213880 0.826458857
1745407689.599438 0.003544667 -0.164845986 0.006034033 -0.565437851 -0.018870758 -0.013598170 0.824462868
1745407689.649738 0.007685656 -0.170564007 0.015624005 -0.565437851 -0.018870758 -0.013598170 0.824462868
1745407689.700076 0.000905614 -0.177884401 0.023282344 -0.567047913 -0.017498605 -0.014706991 0.823367577
1745407689.750396 0.010258495 -0.184049929 0.021557494 -0.569509224 -0.020968065 -0.017463500 0.821531868
1745407689.800607 0.003383150 -0.177174584 0.014682149 -0.569509224 -0.020968065 -0.017463500 0.821531868
1745407689.851917 0.008607289 -0.182705637 0.023843313 -0.569509224 -0.020968065 -0.017463500 0.821531868
1745407689.901976 0.015833009 -0.188536350 0.016386581 -0.569509224 -0.020968065 -0.017463500 0.821531868
1745407689.952211 0.025539494 -0.192726534 0.010905922 -0.569509224 -0.020968064 -0.017463500 0.821531868
1745407690.002889 0.034957392 -0.195947364 0.004643170 -0.569535933 -0.022455511 -0.018688990 0.821447073
1745407690.052933 0.041832738 -0.202822709 0.011518515 -0.569535933 -0.022455511 -0.018688990 0.821447073
1745407690.103225 0.050412431 -0.208262787 0.004484531 -0.568932919 -0.020509010 -0.016875403 0.821954947
1745407690.154035 0.118152056 0.039698300 0.164079956 -0.496139811 0.793286465 -0.134241454 -0.326375709
1745407690.204366 0.125811372 0.033926254 0.162723466 -0.494237531 0.793112844 -0.140865230 -0.326891826
1745407690.254435 0.134670838 0.031407077 0.162776901 -0.493907412 0.794338395 -0.146308348 -0.321987345
1745407690.304724 0.134650555 0.029328314 0.151809379 -0.494507802 0.794987069 -0.146794801 -0.319231702
1745407690.355451 0.142806589 0.023055749 0.149253811 -0.493068258 0.794973747 -0.150983963 -0.319537600
1745407690.405593 0.135931244 0.029931094 0.142378466 -0.493068258 0.794973747 -0.150983963 -0.319537600
1745407690.455766 0.144040465 0.026552305 0.140415198 -0.491800020 0.796994358 -0.156415850 -0.313794224
1745407690.506715 0.150935260 0.021978720 0.148979965 -0.491800020 0.796994358 -0.156415850 -0.313794224
1745407690.557083 0.159701587 0.018898050 0.143201361 -0.491481758 0.798184704 -0.156642039 -0.311143266
1745407690.608565 0.163347901 0.013311020 0.153065468 -0.491481758 0.798184704 -0.156642039 -0.311143266
1745407690.659280 0.158908561 0.017880280 0.158851422 -0.495137122 0.795540298 -0.150187369 -0.315275466
1745407690.709471 0.165650376 0.016059844 0.159251241 -0.494606436 0.797441558 -0.159627867 -0.306545883
1745407690.760037 0.165678718 0.013991770 0.147347472 -0.494893248 0.797158234 -0.159383885 -0.306946577
1745407690.810208 0.174419646 0.008954237 0.145092612 -0.491907247 0.799408745 -0.162623124 -0.304181916
1745407690.860880 0.181294992 0.002078892 0.151967957 -0.491907247 0.799408745 -0.162623124 -0.304181916
1745407690.912199 0.190210195 0.004055504 0.144324446 -0.491907247 0.799408745 -0.162623124 -0.304181916
1745407690.963510 0.201153262 0.002622032 0.141106101 -0.491808889 0.799662948 -0.163218925 -0.303352549
1745407691.013768 0.210583978 -0.001873969 0.135391323 -0.491808889 0.799662948 -0.163218925 -0.303352549
1745407691.064412 0.220275347 -0.008749153 0.129184029 -0.493448232 0.798515465 -0.160197568 -0.305317267
1745407691.114455 0.231014682 -0.003849555 0.127611850 -0.493448232 0.798515465 -0.160197568 -0.305317267
1745407691.165627 0.239056836 -0.004971037 0.128751154 -0.494311144 0.800006585 -0.167062882 -0.296202549
1745407691.216001 0.016337861 -0.250423660 0.126643542 -0.536442839 -0.017924251 0.005480724 0.843728489
1745407691.266101 0.024815572 -0.253322848 0.127010994 -0.540456846 -0.033558692 -0.000097979 0.840702208
1745407691.317341 0.035177364 -0.258940915 0.125374173 -0.540457698 -0.033570100 -0.000116427 0.840701202
1745407691.367593 0.034586178 -0.261512579 0.113672480 -0.540368188 -0.032776427 0.000950970 0.840789524
1745407691.418542 0.043346346 -0.265457449 0.110069940 -0.541705164 -0.038415269 -0.002016844 0.839687868
1745407691.468754 0.050221691 -0.272332794 0.116945285 -0.541705164 -0.038415269 -0.002016844 0.839687868
1745407691.519453 0.043380389 -0.279934355 0.109226377 -0.542267180 -0.037245970 -0.005464677 0.839362366
1745407691.570442 0.238105013 -0.001551047 0.172259025 -0.509265091 0.794529157 -0.150024015 -0.294729164
1745407691.620965 0.229539237 0.000056310 0.163913761 -0.511274894 0.792337443 -0.147859146 -0.298223127
1745407691.671628 0.039600567 -0.269196114 0.105226043 -0.544268920 -0.037638977 -0.009907664 0.838007451
1745407691.721858 0.036076393 -0.275549423 0.096338811 -0.544619778 -0.038591581 -0.009474313 0.837741144
1745407691.772288 0.242775370 -0.003302340 0.182512952 -0.511420932 0.792636454 -0.146952840 -0.297625513
1745407691.823538 0.249076342 -0.005364441 0.184363604 -0.510078420 0.793609358 -0.157508451 -0.291882304
1745407691.873710 0.258314587 -0.002233162 0.177532716 -0.510078420 0.793609358 -0.157508451 -0.291882304
1745407691.923952 0.254679780 -0.006787528 0.166599582 -0.509378546 0.793680513 -0.157074461 -0.293142207
1745407691.974755 0.256115939 -0.012042060 0.177189127 -0.509378546 0.793680513 -0.157074461 -0.293142207
1745407692.025482 0.250953242 -0.017514399 0.168111266 -0.509781191 0.793226006 -0.157317035 -0.293542144
1745407692.075885 0.248693015 -0.020892060 0.177140249 -0.512414888 0.791206383 -0.155912967 -0.295151808
1745407692.126181 0.252337334 -0.018261971 0.183414420 -0.515737555 0.796896348 -0.155576681 -0.273435332
1745407692.177017 0.245717500 -0.012135272 0.179499513 -0.519301503 0.794892699 -0.148026782 -0.276694088
1745407692.227900 0.249820008 -0.015439262 0.190179597 -0.519301503 0.794892699 -0.148026782 -0.276694088
1745407692.278478 0.245052238 -0.019503989 0.179426920 -0.519690968 0.794113135 -0.147056047 -0.278711581
1745407692.329468 0.247055975 -0.023285514 0.168276767 -0.519543890 0.794286247 -0.146858464 -0.278596656
1745407692.380585 0.241962989 -0.031073546 0.159601450 -0.518891396 0.796805057 -0.144112971 -0.274016188
1745407692.431622 0.236890023 -0.038932574 0.152066833 -0.516840363 0.797806606 -0.145248653 -0.274378364
1745407692.481904 0.055244942 -0.253202392 0.140068132 -0.535166932 -0.056126151 0.003803514 0.842871131
1745407692.531922 0.063012852 -0.256068952 0.138264529 -0.537591505 -0.068313867 -0.000845129 0.840433147
1745407692.582968 0.072420876 -0.259598973 0.144655082 -0.537591504 -0.068313865 -0.000845127 0.840433148
1745407692.633400 0.081349086 -0.262558763 0.141009687 -0.538216950 -0.072951050 -0.003546194 0.839635685
1745407692.683587 0.078946836 -0.264660753 0.151521767 -0.537950659 -0.073389045 -0.000280141 0.839775600
1745407692.733760 0.074826661 -0.268501340 0.140835079 -0.537733128 -0.073397532 -0.000425174 0.839914106
1745407692.784727 0.069506723 -0.274640245 0.131838367 -0.537715631 -0.073261534 -0.001014188 0.839936676
1745407692.835486 0.076382068 -0.281515591 0.138713712 -0.537715631 -0.073261534 -0.001014188 0.839936676
1745407692.886355 0.069780570 -0.287853412 0.130247066 -0.536978665 -0.073361545 -0.001396281 0.840398743
1745407692.937063 0.070949638 -0.293670893 0.140500845 -0.536873943 -0.073077515 -0.001874284 0.840489461
1745407692.987539 0.067710100 -0.299200149 0.150537968 -0.536873943 -0.073077515 -0.001874284 0.840489461
1745407693.038459 0.076204691 -0.302089092 0.149254123 -0.537693596 -0.082480786 -0.006338485 0.839072309
1745407693.089109 0.083080036 -0.308964438 0.156129468 -0.537693596 -0.082480786 -0.006338485 0.839072309
1745407693.139933 0.081711898 -0.313969955 0.166719964 -0.537374906 -0.082588603 -0.006566704 0.839264089
1745407693.190239 0.079823947 -0.318812057 0.177434477 -0.537374906 -0.082588603 -0.006566704 0.839264089
1745407693.240903 0.077220157 -0.323416566 0.168093621 -0.537778841 -0.087159115 -0.007108637 0.838538415
1745407693.291359 0.084903161 -0.326201285 0.166247675 -0.539414583 -0.095734639 -0.011265630 0.836504556
1745407693.342109 0.091778506 -0.333076630 0.173123020 -0.539414583 -0.095734639 -0.011265630 0.836504556
1745407693.392811 0.082982192 -0.340403217 0.181263847 -0.541071593 -0.093599894 -0.014254745 0.835629938
1745407693.443082 0.090111704 -0.344078404 0.172461905 -0.541071593 -0.093599894 -0.014254745 0.835629938
1745407693.493701 0.096381730 -0.341471292 0.171242959 -0.538223712 -0.100333507 -0.021658695 0.836528137
1745407693.544489 0.103760113 -0.344472253 0.162390568 -0.538223712 -0.100333507 -0.021658695 0.836528137
1745407693.594497 0.100243396 -0.351048417 0.171674850 -0.538223712 -0.100333507 -0.021658695 0.836528137
1745407693.645519 0.108305198 -0.355302608 0.167879435 -0.539883927 -0.103567228 -0.022938950 0.835028730
1745407693.695998 0.101429853 -0.348427262 0.161004090 -0.539883927 -0.103567228 -0.022938950 0.835028730
1745407693.746241 0.111120568 -0.351910469 0.161205242 -0.542268990 -0.109939082 -0.024241302 0.832628429
1745407693.797195 0.117995913 -0.358785814 0.168080587 -0.542268990 -0.109939082 -0.024241302 0.832628429
1745407693.847590 0.110873873 -0.365572490 0.174908331 -0.542386309 -0.109769602 -0.024283435 0.832573144
1745407693.897871 0.109757025 -0.359289683 0.166422118 -0.534776004 -0.103508575 -0.014783240 0.838499885
1745407693.948683 0.102148461 -0.366037584 0.173341449 -0.534358938 -0.104105007 -0.015653519 0.838676124
1745407693.998949 0.110785319 -0.372307463 0.168003741 -0.534347359 -0.104079584 -0.015624653 0.838687194
1745407694.049475 0.102726900 -0.377972826 0.174695277 -0.534347359 -0.104079584 -0.015624653 0.838687194
1745407694.099607 0.108355887 -0.381923391 0.166235897 -0.534646567 -0.104697166 -0.017181575 0.838389137
1745407694.150520 0.115231232 -0.388798736 0.173111242 -0.534646567 -0.104697166 -0.017181575 0.838389137
1745407694.200870 0.122091836 -0.392596457 0.182073415 -0.534646567 -0.104697166 -0.017181575 0.838389137
1745407694.251698 0.119270860 -0.399658569 0.191237464 -0.534646567 -0.104697166 -0.017181575 0.838389137
1745407694.302061 0.115472016 -0.406619617 0.200972693 -0.535563019 -0.104104403 -0.017708826 0.837866889
1745407694.353001 0.122347361 -0.413494962 0.207848039 -0.535563019 -0.104104403 -0.017708826 0.837866889
1745407694.403478 0.128406135 -0.417538004 0.198696244 -0.535649963 -0.103161307 -0.018432496 0.837912349
1745407694.454278 0.374896132 -0.085764264 0.304606023 -0.553971136 0.782384564 -0.114951061 -0.260339449
1745407694.505248 0.380906834 -0.092727896 0.310488979 -0.551048083 0.783811950 -0.119462198 -0.260218409
1745407694.555424 0.375476794 -0.097894639 0.301253247 -0.551170268 0.783745175 -0.119422136 -0.260179150
1745407694.605616 0.374165211 -0.101814228 0.310209972 -0.552217283 0.782623339 -0.118495183 -0.261754988
1745407694.656137 0.156836408 -0.429187391 0.220791647 -0.534558882 -0.099285259 -0.018099314 0.839083818
1745407694.706782 0.150285884 -0.433948950 0.223891216 -0.536199566 -0.096896092 -0.014292185 0.838389472
1745407694.756917 0.157138834 -0.438342106 0.215199360 -0.536199566 -0.096896092 -0.014292185 0.838389472
1745407694.807524 0.150319185 -0.436680077 0.205579528 -0.536199566 -0.096896092 -0.014292185 0.838389472
1745407694.857777 0.159073542 -0.441046931 0.203862215 -0.537317896 -0.100543844 -0.015786345 0.837216343
1745407694.908148 0.150047726 -0.442260539 0.196189346 -0.537317896 -0.100543844 -0.015786345 0.837216343
1745407694.958257 0.156981383 -0.446780991 0.188833169 -0.537877953 -0.100144682 -0.016487152 0.836890987
1745407695.009317 0.156328504 -0.451735834 0.199642164 -0.537877953 -0.100144682 -0.016487152 0.836890987
1745407695.059417 0.162501154 -0.455795725 0.207844945 -0.544147519 -0.106970528 -0.019973091 0.831902554
1745407695.110201 0.170236597 -0.461284264 0.205351875 -0.545012380 -0.109151260 -0.021910678 0.831003869
1745407695.160522 0.163361252 -0.454408919 0.198476530 -0.545012380 -0.109151260 -0.021910678 0.831003869
1745407695.211124 0.170003834 -0.458061563 0.189618621 -0.544852454 -0.108707482 -0.022822344 0.831142363
1745407695.261744 0.181134934 -0.457551790 0.189171969 -0.544789673 -0.109873809 -0.023792193 0.831002942
1745407695.311796 0.177943419 -0.462396239 0.180469430 -0.545201901 -0.111625993 -0.023375593 0.830510750
1745407695.361802 0.185563159 -0.465628209 0.174241112 -0.545166641 -0.114127919 -0.025106381 0.830143253
1745407695.413312 0.178185492 -0.469326894 0.165656191 -0.545166641 -0.114127919 -0.025106381 0.830143253
1745407695.464566 0.178857176 -0.472954165 0.176741778 -0.545325440 -0.114534720 -0.023052189 0.830042504
1745407695.514628 0.171981831 -0.466078819 0.169866433 -0.545325440 -0.114534720 -0.023052189 0.830042504
1745407695.564967 0.171652333 -0.471020202 0.180923505 -0.545767771 -0.114525897 -0.022407076 0.829770620
1745407695.615171 0.172851186 -0.476566731 0.191774095 -0.546400588 -0.114622197 -0.021353206 0.829368549
1745407695.665263 0.168632598 -0.483045441 0.201029313 -0.546882729 -0.114032178 -0.021141787 0.829137485
1745407695.715863 0.174404618 -0.485563333 0.191176426 -0.546727035 -0.113938073 -0.021906040 0.829233254
1745407695.766470 0.386149621 -0.074990906 0.369377813 -0.557187678 0.781763586 -0.097322865 -0.262518282
1745407695.817470 0.393072967 -0.078738548 0.359836621 -0.557327375 0.781620235 -0.097002213 -0.262767150
1745407695.868763 0.168234469 -0.482568888 0.201470815 -0.546973084 -0.114060171 -0.022213142 0.829046017
1745407695.919556 0.159225884 -0.484419098 0.198873334 -0.548699884 -0.109543213 -0.018898225 0.828596149
1745407695.969703 0.165389302 -0.488237894 0.190030763 -0.548258895 -0.109599083 -0.020517796 0.828842111
1745407696.020667 0.161015419 -0.494540901 0.183737611 -0.549023038 -0.110075029 -0.018826436 0.828313200
1745407696.072085 0.167800128 -0.498657101 0.184610274 -0.550865316 -0.115886919 -0.023226569 0.826182881
1745407696.122788 0.406453552 -0.075596580 0.389643407 -0.557314118 0.781629281 -0.092047326 -0.264544761
1745407696.173239 0.400034100 -0.073998318 0.395096288 -0.556638917 0.781973473 -0.089156037 -0.265935715
1745407696.224294 0.406909445 -0.080873663 0.401971633 -0.556638917 0.781973473 -0.089156037 -0.265935715
1745407696.275151 0.412933237 -0.083270664 0.390461104 -0.557405536 0.781199979 -0.088572154 -0.266796991
1745407696.325367 0.418361775 -0.086681871 0.380190588 -0.557317276 0.781316233 -0.088280623 -0.266737568
1745407696.375575 0.413421652 -0.092267155 0.370905605 -0.557317276 0.781316233 -0.088280623 -0.266737568
1745407696.425939 0.423325481 -0.098865040 0.370466071 -0.557317276 0.781316233 -0.088280623 -0.266737568
1745407696.476314 0.416450136 -0.091989695 0.363590726 -0.557317276 0.781316233 -0.088280623 -0.266737568
1745407696.526678 0.423821245 -0.096920523 0.364179429 -0.556629619 0.781947563 -0.091590496 -0.265203047
1745407696.577504 0.430696590 -0.103795868 0.371054775 -0.556629619 0.781947563 -0.091590496 -0.265203047
1745407696.627743 0.437137884 -0.107565671 0.361775258 -0.556629619 0.781947563 -0.091590496 -0.265203047
1745407696.678262 0.438465488 -0.113443318 0.372327962 -0.556548340 0.782125890 -0.091414467 -0.264908348
1745407696.728356 0.435729503 -0.113067724 0.366594198 -0.558324353 0.777542947 -0.090746479 -0.274710681
1745407696.779065 0.446547722 -0.116067849 0.362622236 -0.558324353 0.777542947 -0.090746479 -0.274710681
1745407696.829321 0.442309496 -0.120176651 0.352889308 -0.558612844 0.777459520 -0.091245462 -0.274194548
1745407696.880037 0.449184841 -0.127051996 0.359764653 -0.558612844 0.777459520 -0.091245462 -0.274194548
1745407696.930159 0.454858537 -0.130123327 0.349674040 -0.558739241 0.777298810 -0.091333372 -0.274363329
1745407696.980212 0.461733882 -0.136998672 0.356549385 -0.558739241 0.777298810 -0.091333372 -0.274363329
1745407697.031032 0.466652756 -0.140839958 0.346407378 -0.558739241 0.777298810 -0.091333372 -0.274363329
1745407697.081175 0.467024133 -0.135496152 0.336205036 -0.559135268 0.777309050 -0.091300689 -0.273537160
1745407697.131989 0.471489153 -0.140001416 0.326264878 -0.557923501 0.778334167 -0.090965467 -0.273207933
1745407697.182215 0.476409203 -0.144162616 0.315642347 -0.557678177 0.778641528 -0.090284857 -0.273058723
1745407697.232426 0.471433607 -0.149795192 0.323257412 -0.557970920 0.778109420 -0.090276307 -0.273978780
1745407697.282588 0.466872151 -0.153875653 0.314881645 -0.559624903 0.776841761 -0.091228330 -0.273887272
1745407697.332648 0.163756160 -0.476752658 0.315746667 -0.553967990 -0.112299997 -0.032718679 0.824280089
1745407697.383224 0.159397037 -0.481302689 0.305123897 -0.553316322 -0.112791424 -0.032445734 0.824661396
1745407697.433259 0.168332253 -0.485897782 0.298731859 -0.553316322 -0.112791424 -0.032445734 0.824661396
1745407697.483945 0.164389802 -0.490095764 0.285675260 -0.550464648 -0.112018496 -0.030092802 0.826761726
1745407697.534078 0.170329993 -0.494351857 0.276717708 -0.550397121 -0.112000300 -0.030859303 0.826780893
1745407697.584822 0.464145058 -0.140123194 0.357757342 -0.559822201 0.777297470 -0.094906841 -0.270925149
1745407697.635800 0.472199056 -0.143232461 0.349555106 -0.559822201 0.777297470 -0.094906841 -0.270925149
1745407697.686558 0.465323711 -0.136357116 0.342679761 -0.559822201 0.777297470 -0.094906841 -0.270925149
1745407697.736767 0.465165761 -0.142154711 0.353804752 -0.559221121 0.777858588 -0.094751282 -0.270610330
1745407697.787374 0.460473304 -0.144101342 0.350744292 -0.560056121 0.774736159 -0.094195925 -0.277935520
1745407697.837590 0.467348649 -0.150976687 0.357619637 -0.560056121 0.774736159 -0.094195925 -0.277935520
1745407697.888261 0.460526766 -0.150183832 0.347719450 -0.559226031 0.775206040 -0.093936993 -0.278384057
1745407697.938658 0.467402111 -0.157059177 0.354594795 -0.559226031 0.775206040 -0.093936993 -0.278384057
1745407697.988869 0.461495460 -0.163670770 0.346889131 -0.559790728 0.774820796 -0.093702402 -0.278400673
1745407698.039151 0.467029306 -0.153180943 0.347962062 -0.559790728 0.774820796 -0.093702402 -0.278400673
1745407698.090151 0.461476115 -0.157249092 0.338867319 -0.561155070 0.774394798 -0.093701524 -0.276835165
1745407698.140654 0.457710815 -0.152759201 0.327760817 -0.563628011 0.773086119 -0.085867075 -0.278007487
1745407698.192131 0.458999945 -0.157302816 0.338692642 -0.563628011 0.773086119 -0.085867075 -0.278007487
1745407698.242634 0.462121825 -0.159683387 0.327694591 -0.563475110 0.773265164 -0.085923936 -0.277801845
1745407698.292648 0.468997170 -0.166558732 0.334569936 -0.563475110 0.773265164 -0.085923936 -0.277801845
1745407698.343102 0.469756943 -0.171950008 0.345002831 -0.563664728 0.773137914 -0.085868526 -0.277788475
1745407698.393185 0.473445285 -0.174723457 0.333047363 -0.564033242 0.772560659 -0.085621167 -0.278721267
1745407698.443540 0.467555134 -0.178947333 0.322728740 -0.565161299 0.771811049 -0.084127941 -0.278967560
1745407698.494485 0.461747473 -0.183157668 0.312662560 -0.566803475 0.770920636 -0.082728778 -0.278515965
1745407698.544785 0.183506340 -0.462096144 0.332591253 -0.558129022 -0.118679389 -0.042954169 0.820098858
1745407698.595341 0.188343277 -0.465245475 0.322685596 -0.557848472 -0.118466980 -0.044481656 0.820239013
1745407698.645475 0.195112215 -0.469473985 0.313847480 -0.557848472 -0.118466980 -0.044481656 0.820239013
1745407698.695620 0.188740142 -0.467879725 0.303914398 -0.557848472 -0.118466980 -0.044481656 0.820239013
1745407698.746133 0.194116012 -0.471708861 0.294002342 -0.557848472 -0.118466980 -0.044481656 0.820239013
1745407698.796608 0.188151200 -0.469822620 0.283872100 -0.557850698 -0.118461755 -0.044475763 0.820238573
1745407698.846732 0.196633508 -0.473904410 0.273871953 -0.557485219 -0.117821050 -0.042581809 0.820679730
1745407698.897284 0.439848418 -0.162577516 0.362609973 -0.566428297 0.771099286 -0.083931407 -0.278424845
1745407698.947757 0.448456531 -0.167706595 0.356175375 -0.566428297 0.771099286 -0.083931407 -0.278424845
1745407698.998131 0.206644482 -0.487394417 0.298925637 -0.557485219 -0.117821050 -0.042581809 0.820679730
1745407699.048559 0.210246440 -0.490155302 0.299525575 -0.559605679 -0.125359350 -0.047319574 0.817855351
1745407699.098728 0.449496426 -0.169587564 0.360217291 -0.571885230 0.767957528 -0.076724263 -0.278032204
1745407699.148757 0.454583209 -0.173257069 0.350094498 -0.571885241 0.767957517 -0.076724254 -0.278032215
1745407699.199691 0.461458554 -0.180132414 0.356969843 -0.571885241 0.767957517 -0.076724254 -0.278032215
1745407699.249932 0.466687748 -0.183443898 0.346796312 -0.571885241 0.767957517 -0.076724254 -0.278032215
1745407699.300262 0.459812403 -0.176568553 0.339920967 -0.571885241 0.767957517 -0.076724254 -0.278032215
1745407699.350992 0.455430250 -0.180035226 0.332107123 -0.573604725 0.767097813 -0.078591662 -0.276336599
1745407699.401214 0.462305595 -0.186910572 0.338982468 -0.573604725 0.767097813 -0.078591662 -0.276336599
1745407699.451937 0.469862071 -0.190269495 0.345733650 -0.572328038 0.768584406 -0.082595400 -0.273672484
1745407699.502434 0.476737416 -0.197144840 0.352608995 -0.572328038 0.768584406 -0.082595400 -0.273672484
1745407699.553032 0.482971389 -0.199685550 0.341582718 -0.573547759 0.767734742 -0.082060436 -0.273664794
1745407699.603868 0.490868003 -0.205647003 0.334955827 -0.573547759 0.767734742 -0.082060436 -0.273664794
1745407699.654245 0.486594722 -0.207720389 0.327583625 -0.575727863 0.765489946 -0.084277980 -0.274699460
1745407699.705235 0.491362621 -0.211342982 0.315957372 -0.575199655 0.765492993 -0.083749915 -0.275956130
1745407699.755279 0.487661492 -0.207946800 0.305160210 -0.575199655 0.765492993 -0.083749915 -0.275956130
1745407699.805997 0.483278369 -0.211395239 0.297478284 -0.577147909 0.763781389 -0.085224454 -0.276179421
1745407699.856113 0.492847345 -0.217377319 0.293675585 -0.577147909 0.763781389 -0.085224454 -0.276179421
1745407699.906232 0.488619390 -0.220870241 0.282508140 -0.577708594 0.763105185 -0.084630374 -0.277057676
1745407699.956274 0.490089064 -0.225036268 0.292684720 -0.578475378 0.762131362 -0.085386964 -0.277904823
1745407700.006906 0.174908959 -0.439961755 0.372313303 -0.551166985 -0.124236304 -0.054414593 0.823297849
1745407700.056947 0.170633315 -0.445051751 0.363969973 -0.551120796 -0.125962316 -0.053342510 0.823136647
1745407700.107055 0.173383998 -0.450160426 0.374369316 -0.551120800 -0.125962317 -0.053342509 0.823136645
1745407700.158410 0.170627926 -0.456646030 0.384593557 -0.550621448 -0.125959960 -0.055129228 0.823353434
1745407700.209091 0.175210583 -0.460572780 0.374327545 -0.550621448 -0.125959960 -0.055129228 0.823353434
1745407700.259563 0.181101806 -0.464551434 0.364773754 -0.550621448 -0.125959960 -0.055129228 0.823353434
1745407700.309825 0.188452098 -0.468253476 0.356166827 -0.550621448 -0.125959960 -0.055129228 0.823353434
1745407700.360614 0.181576753 -0.461378131 0.349291482 -0.550621448 -0.125959960 -0.055129228 0.823353434
1745407700.411963 0.185075134 -0.462781886 0.356523641 -0.554026491 -0.135416600 -0.060043399 0.819214124
1745407700.462310 0.178199789 -0.455906540 0.349648296 -0.554026491 -0.135416600 -0.060043399 0.819214124
1745407700.512517 0.185058722 -0.459163662 0.340432479 -0.554437986 -0.135761572 -0.058834275 0.818966326
1745407700.562689 0.172461529 -0.462546175 0.329669009 -0.553332621 -0.133686434 -0.063516603 0.819705184
1745407700.613081 0.180168270 -0.467130256 0.321832974 -0.553332621 -0.133686434 -0.063516603 0.819705184
1745407700.663236 0.176347152 -0.472128852 0.312553212 -0.553387648 -0.135400440 -0.064071322 0.819343455
1745407700.713721 0.182335883 -0.464335458 0.305829432 -0.553387648 -0.135400440 -0.064071322 0.819343455
1745407700.764380 0.188089794 -0.468409903 0.296232441 -0.553387650 -0.135400453 -0.064071326 0.819343451
1745407700.815013 0.182964715 -0.473107674 0.286119312 -0.552364188 -0.135307216 -0.062804081 0.820147187
1745407700.865259 0.438287740 -0.148144782 0.335133144 -0.587891810 0.756159859 -0.076484929 -0.277047908
1745407700.915857 0.443971670 -0.152673075 0.325699236 -0.587891810 0.756159859 -0.076484929 -0.277047908
1745407700.965922 0.449330819 -0.149424945 0.315573020 -0.587891807 0.756159861 -0.076484928 -0.277047908
1745407701.016066 0.442500250 -0.160866938 0.304861761 -0.584696063 0.764090683 -0.059516345 -0.265995766
1745407701.067022 0.438388560 -0.163424179 0.315246419 -0.585468362 0.763478275 -0.059717668 -0.266010376
1745407701.118017 0.445263905 -0.170299524 0.322121764 -0.585468362 0.763478275 -0.059717668 -0.266010376
1745407701.168849 0.445475477 -0.175280724 0.332936291 -0.585468362 0.763478275 -0.059717668 -0.266010376
1745407701.219134 0.183444172 -0.453638926 0.295983358 -0.559897538 -0.149961143 -0.050807091 0.813292716
1745407701.269624 0.184332436 -0.458284808 0.306720328 -0.559798950 -0.150657414 -0.049514178 0.813311641
1745407701.320282 0.455434624 -0.181482252 0.333046731 -0.585134818 0.764178745 -0.059383521 -0.264805000
1745407701.370729 0.463932263 -0.183801812 0.327515508 -0.585381028 0.764374249 -0.060248462 -0.263497974
1745407701.421769 0.474583482 -0.189127470 0.327515126 -0.585381028 0.764374249 -0.060248462 -0.263497974
1745407701.472050 0.469093386 -0.196211804 0.319674155 -0.585381051 0.764374227 -0.060248506 -0.263497977
1745407701.523046 0.464033586 -0.199612411 0.307840977 -0.586831958 0.764167683 -0.057799361 -0.261410095
1745407701.573658 0.470908931 -0.206487756 0.314716322 -0.586831958 0.764167683 -0.057799361 -0.261410095
1745407701.623858 0.464968585 -0.212732000 0.308779519 -0.586791572 0.763325151 -0.058463807 -0.263803616
1745407701.674825 0.185809473 -0.438046057 0.341998539 -0.559258976 -0.152723089 -0.050385380 0.813244348
1745407701.725196 0.193926383 -0.443052245 0.334866571 -0.559258976 -0.152723089 -0.050385380 0.813244348
1745407701.775637 0.460845761 -0.211719899 0.319905573 -0.586791572 0.763325151 -0.058463807 -0.263803616
1745407701.826160 0.457801249 -0.206879441 0.307890769 -0.590091045 0.761005419 -0.048769322 -0.265112926
1745407701.876327 0.455890688 -0.214736893 0.318842621 -0.588627125 0.762386097 -0.048529245 -0.264443678
1745407701.926813 0.460293184 -0.217672991 0.304846105 -0.589826616 0.761153514 -0.046496414 -0.265683974
1745407701.977054 0.467168529 -0.224548337 0.311721450 -0.589826616 0.761153514 -0.046496414 -0.265683974
1745407702.027447 0.461903099 -0.230104820 0.301629399 -0.590449112 0.760994141 -0.045418429 -0.264943260
1745407702.078158 0.467699507 -0.228083606 0.307075431 -0.591133111 0.763308230 -0.048631997 -0.256041246
1745407702.129111 0.193997511 -0.433613412 0.354621587 -0.560443998 -0.165387682 -0.048420131 0.810064770
1745407702.179836 0.195963168 -0.439271502 0.364913978 -0.560443998 -0.165387682 -0.048420131 0.810064770
1745407702.229898 0.477677943 -0.234369608 0.308727133 -0.591133111 0.763308230 -0.048631997 -0.256041246
1745407702.279963 0.486556999 -0.238606703 0.311331294 -0.591105586 0.763074451 -0.052213517 -0.256096304
1745407702.330318 0.493432344 -0.245482048 0.318206639 -0.591105586 0.763074451 -0.052213517 -0.256096304
1745407702.380344 0.489416648 -0.249930514 0.309949493 -0.591087136 0.768045063 -0.042559386 -0.242716868
1745407702.430440 0.483491638 -0.260353998 0.304305547 -0.589420870 0.769108095 -0.042605456 -0.243393819
1745407702.481806 0.486982239 -0.263672203 0.293414434 -0.589420870 0.769108095 -0.042605456 -0.243393819
1745407702.531806 0.494656178 -0.267846171 0.285314172 -0.589220187 0.769289738 -0.042490695 -0.243325731
1745407702.581859 0.501531523 -0.274721516 0.292189518 -0.589220187 0.769289738 -0.042490695 -0.243325731
1745407702.631975 0.494389481 -0.279478120 0.278433488 -0.586985270 0.773752553 -0.030646348 -0.236254273
1745407702.682123 0.486200211 -0.292744782 0.253716912 -0.581966853 0.778432490 -0.005882692 -0.235208065
1745407702.732509 0.485497439 -0.290107471 0.240773123 -0.583230716 0.777593190 -0.004786473 -0.234878376
1745407702.782824 0.492869091 -0.293662789 0.232122714 -0.583230716 0.777593190 -0.004786473 -0.234878376
1745407702.832996 0.499744436 -0.300538134 0.238998059 -0.583230716 0.777593190 -0.004786473 -0.234878376
1745407702.883733 0.490697857 -0.306601535 0.218925009 -0.580574360 0.780244383 0.012398882 -0.232375521
1745407702.934536 0.499527538 -0.306481254 0.215190934 -0.581703300 0.780691939 0.011611169 -0.228049442
1745407702.984802 0.174396934 -0.367443218 0.458733539 -0.589100819 -0.210885861 -0.016778263 0.779875547
1745407703.035882 0.168855089 -0.372893578 0.449253773 -0.588356792 -0.211312787 -0.016366066 0.780330279
1745407703.086036 0.163762593 -0.368680384 0.439558639 -0.588302725 -0.211530089 -0.015804170 0.780323749
1745407703.136654 0.171387801 -0.375035981 0.432980363 -0.588302724 -0.211530092 -0.015804167 0.780323749
1745407703.186778 0.166184591 -0.371670617 0.440350500 -0.587915925 -0.209299498 -0.014875219 0.781234480
1745407703.236866 0.173059936 -0.378545962 0.447225845 -0.587915925 -0.209299498 -0.014875219 0.781234480
1745407703.287151 0.181587092 -0.383801370 0.440785394 -0.587915925 -0.209299498 -0.014875219 0.781234480
1745407703.337268 0.188462437 -0.390676715 0.447660739 -0.587915925 -0.209299498 -0.014875219 0.781234480
1745407703.387524 0.198504714 -0.394740294 0.443841883 -0.585680600 -0.216801911 -0.012910925 0.780902346
1745407703.437938 0.228816980 -0.393996561 0.425570726 -0.553327244 -0.237324956 0.015278946 0.798293417
1745407703.488652 0.189573107 -0.387340545 0.435381775 -0.583148468 -0.214192496 -0.013793699 0.783498036
1745407703.538757 0.228401960 -0.389973605 0.416332873 -0.543076287 -0.244094935 0.024995840 0.803032389
1745407703.589313 0.240403754 -0.323158330 0.449883331 -0.582652024 -0.261688309 0.058788788 0.767189498
1745407703.640481 0.241016259 -0.323576335 0.435582003 -0.581009452 -0.259594105 0.059497763 0.769089678
1745407703.691016 0.271452697 -0.320523608 0.408957992 -0.553203880 -0.282772861 0.086930821 0.778747718
1745407703.741946 0.264577352 -0.313648262 0.402082647 -0.553203880 -0.282772861 0.086930821 0.778747718
1745407703.791967 0.239963987 -0.316804746 0.414940827 -0.574085959 -0.259233961 0.071317287 0.773393114
1745407703.843177 0.251692317 -0.286781102 0.440660539 -0.589424858 -0.263472629 0.091097810 0.758196346
1745407703.893699 0.244816972 -0.279905757 0.433785194 -0.589424858 -0.263472629 0.091097810 0.758196346
1745407703.944507 0.258650298 -0.253402686 0.455348606 -0.602455292 -0.267873696 0.107599232 0.744119419
1745407703.995479 0.251774953 -0.246527341 0.448473260 -0.602455292 -0.267873696 0.107599232 0.744119419
1745407704.045613 0.271481310 -0.249830498 0.448183169 -0.586453577 -0.280955797 0.118598728 0.750380159
1745407704.095907 0.271217540 -0.238767416 0.452582004 -0.586453577 -0.280955797 0.118598728 0.750380159
1745407704.146000 0.275734036 -0.232575116 0.441221767 -0.590207541 -0.277602209 0.126359783 0.747412388
1745407704.196115 0.350411232 -0.393570152 0.184923501 -0.518838599 0.845229080 0.069511449 -0.107528918
1745407704.248466 0.261983346 -0.218824426 0.427471077 -0.590207541 -0.277602209 0.126359783 0.747412388
1745407704.298770 0.276064070 -0.218311209 0.407188509 -0.574091762 -0.285036448 0.137874852 0.755091648
1745407704.349247 0.273270780 -0.218535670 0.422931512 -0.584598116 -0.278000245 0.128434661 0.751309154
1745407704.401010 0.280146125 -0.225411015 0.429806857 -0.584598116 -0.278000245 0.128434661 0.751309154
1745407704.452145 0.284844033 -0.205402383 0.440982030 -0.589942606 -0.277922316 0.145166055 0.744079112
1745407704.502150 0.296197720 -0.197172695 0.432083465 -0.592919196 -0.278536030 0.153654699 0.739766680
1745407704.552320 0.308977258 -0.196186206 0.412272047 -0.578221072 -0.284880011 0.164080465 0.746713715
1745407704.603178 0.318961363 -0.205843037 0.407910001 -0.553973171 -0.294292909 0.177948798 0.758181795
1745407704.653544 0.314650173 -0.199199907 0.399953730 -0.555662051 -0.294823593 0.176138545 0.757161771
1745407704.704834 0.313530913 -0.201807579 0.384651653 -0.551432159 -0.291593984 0.173460559 0.762106920
1745407704.754884 0.313411861 -0.205642266 0.373557862 -0.551553326 -0.291051475 0.175197387 0.761829274
1745407704.805789 0.318557448 -0.203673678 0.358798821 -0.546130274 -0.290953127 0.176615494 0.765437763
1745407704.855846 0.275671195 -0.390554965 0.235429822 -0.507938562 0.859203162 0.041364628 -0.045357592
1745407704.906175 0.283152472 -0.390628610 0.232029911 -0.510453859 0.858185617 0.045082658 -0.030362136
1745407704.956845 0.286100698 -0.385269637 0.216600966 -0.515409572 0.854191524 0.064211059 -0.024222975
1745407705.007083 0.284501978 -0.376639747 0.205726308 -0.517793516 0.852026515 0.072911749 -0.024991371
1745407705.058047 0.283692402 -0.381252411 0.192968177 -0.518662216 0.851282187 0.075023938 -0.026068207
1745407705.108316 0.290567747 -0.388127756 0.199843522 -0.518662216 0.851282187 0.075023938 -0.026068207
1745407705.159294 0.297567026 -0.390476832 0.187674712 -0.519574815 0.850559008 0.077704328 -0.023524961
1745407705.209965 0.293839396 -0.388838880 0.196724242 -0.519255795 0.850566374 0.079636949 -0.023837350
1745407705.260214 0.286739531 -0.387388598 0.183846285 -0.517898508 0.850205740 0.089120962 -0.031445032
1745407705.310644 0.284599745 -0.385320461 0.173709704 -0.515577701 0.851758513 0.087830514 -0.031190864
1745407705.361721 0.284695540 -0.183974823 0.395585581 -0.560480031 -0.330369841 0.176086028 0.738722961
1745407705.411995 0.281879944 -0.187101748 0.404380133 -0.556729188 -0.329881090 0.173755147 0.742320838
1745407705.462998 0.307236618 -0.402014813 0.184736429 -0.518718491 0.850324463 0.083305547 -0.030653229
1745407705.513731 0.303168826 -0.399203794 0.176598379 -0.522975101 0.846845031 0.089144872 -0.037466359
1745407705.564023 0.301268262 -0.394020427 0.166046996 -0.522975101 0.846845031 0.089144872 -0.037466359
1745407705.614571 0.302140691 -0.392289871 0.174045626 -0.523344549 0.846305587 0.092882228 -0.035358565
1745407705.664824 0.295863657 -0.391011463 0.166849565 -0.517380475 0.850352641 0.088851796 -0.036375662
1745407705.715389 0.288988312 -0.384136118 0.159974220 -0.517380475 0.850352641 0.088851796 -0.036375662
1745407705.765576 0.289159312 -0.385152018 0.166371450 -0.515548905 0.851088445 0.094451288 -0.030606192
1745407705.816344 0.283748394 -0.388032585 0.179333292 -0.512324744 0.853159906 0.092849710 -0.031944667
1745407705.866432 0.291102523 -0.388030474 0.166382254 -0.516971569 0.850215945 0.094802304 -0.029761842
1745407705.916529 0.286500738 -0.395141150 0.149342532 -0.514623608 0.851090617 0.101089819 -0.024251839
1745407705.967463 0.274364220 -0.165723808 0.411522427 -0.563743437 -0.341480507 0.180257513 0.730131242
1745407706.018046 0.266107426 -0.169642809 0.423246330 -0.569469030 -0.337290219 0.176399289 0.728576436
1745407706.068515 0.265584512 -0.174000915 0.410342117 -0.566250995 -0.338119625 0.171987688 0.731748020
1745407706.118901 0.268269673 -0.176001087 0.400340172 -0.566001127 -0.340289814 0.171511101 0.731046858
1745407706.169547 0.270410444 -0.174126402 0.405654952 -0.571737125 -0.339300904 0.161692351 0.729278506
1745407706.220273 0.266029418 -0.170093472 0.415588798 -0.572082056 -0.338396858 0.160879261 0.729607806
1745407706.270966 0.263786026 -0.170527249 0.409255817 -0.564659925 -0.334543014 0.167238472 0.735711516
1745407706.322011 0.305468714 -0.398727491 0.159998923 -0.521356564 0.847324978 0.094391817 -0.036302883
1745407706.372957 0.301153347 -0.404960406 0.175039625 -0.514489507 0.851861244 0.090865546 -0.037100133
1745407706.423090 0.296490664 -0.410282239 0.184618173 -0.514489507 0.851861244 0.090865546 -0.037100133
1745407706.474002 0.289402424 -0.409538512 0.178074564 -0.507261519 0.856624616 0.086451032 -0.037499841
1745407706.524647 0.285261200 -0.413715754 0.162013340 -0.505716921 0.857181688 0.091170574 -0.034320200
1745407706.574726 0.282273280 -0.422813531 0.154934222 -0.505716921 0.857181688 0.091170574 -0.034320200
1745407706.625564 0.281812351 -0.423132108 0.151417372 -0.498179660 0.862073702 0.085676602 -0.036131410
1745407706.675780 0.295970881 -0.154651125 0.426365861 -0.568044373 -0.316229091 0.189233844 0.735877235
1745407706.726619 0.293455821 -0.157586613 0.439808636 -0.574077405 -0.311152028 0.184499983 0.734560620
1745407706.776781 0.307320237 -0.443189445 0.160967423 -0.497221364 0.862063631 0.086988679 -0.045278923
1745407706.827142 0.300583413 -0.446922917 0.167801034 -0.496368792 0.862311863 0.090500745 -0.042963809
1745407706.877627 0.303964697 -0.436847744 0.162428053 -0.496368792 0.862311863 0.090500745 -0.042963809
1745407706.928155 0.299826715 -0.430311384 0.161485807 -0.498875493 0.859985224 0.093474457 -0.053020596
1745407706.978777 0.293155037 -0.428221678 0.171125980 -0.498875493 0.859985224 0.093474457 -0.053020596
1745407707.029088 0.289758763 -0.427048939 0.163173960 -0.493882458 0.863114988 0.090287357 -0.054413497
1745407707.080035 0.290512543 -0.429652915 0.149739161 -0.492211503 0.863972590 0.092335694 -0.052472087
1745407707.130361 0.287443172 -0.430887424 0.141170336 -0.487263485 0.867033037 0.089527906 -0.053035487
1745407707.180559 0.283708921 -0.434707090 0.155699248 -0.484401811 0.868856571 0.086655084 -0.054166790
1745407707.230958 0.276833576 -0.427831745 0.148823903 -0.484401811 0.868856571 0.086655084 -0.054166790
1745407707.281203 0.270102502 -0.430170455 0.135142440 -0.482302734 0.869892108 0.089430351 -0.051710785
1745407707.331806 0.268311451 -0.431136734 0.146397372 -0.480919242 0.870640480 0.090202588 -0.050649088
1745407707.382111 0.261872348 -0.432860859 0.156145624 -0.480197936 0.871036215 0.091263825 -0.048752112
1745407707.432323 0.256882746 -0.436834611 0.168456886 -0.478023246 0.872295471 0.090029126 -0.049891316
1745407707.482749 0.256409572 -0.434547919 0.179116435 -0.478243921 0.872032830 0.090945106 -0.050699937
1745407707.534149 0.253751770 -0.436299064 0.165947833 -0.475893230 0.873329166 0.092448224 -0.047698289
1745407707.584444 0.310038663 -0.127491369 0.397842600 -0.585130456 -0.300593472 0.201921125 0.725598907
1745407707.635405 0.312566582 -0.130726135 0.386134968 -0.584815532 -0.299818876 0.200142453 0.726665283
1745407707.686070 0.247260553 -0.429101000 0.173692167 -0.477088606 0.872736101 0.091203517 -0.048990597
1745407707.736991 0.256290073 -0.429985120 0.176870320 -0.479183806 0.872623948 0.084854243 -0.041353159
