1745407684.847602 0.000000000 0.000000000 0.000000000 0.000000000 0.000000000 0.000000000 1.000000000
1745407684.898371 0.133204207 0.013232775 -0.001068400 0.052769582 0.156264333 0.078085998 0.983208730
1745407684.948536 0.296418585 0.052750937 -0.040611154 0.103846218 0.307295430 0.153616846 0.933374173
1745407684.999440 0.431578402 0.123380488 -0.121230351 0.151016317 0.448566617 0.223617430 0.852043020
1745407685.049989 0.878188611 0.260026274 -0.225616431 0.192750381 0.574963306 0.285916569 0.741967791
1745407685.100162 1.065591947 0.448931360 -0.440878711 0.229875866 0.681316132 0.339153880 0.606580630
1745407685.150361 0.973804839 0.666069159 -0.672330994 0.258943187 0.764889304 0.380469597 0.450705740
1745407685.200694 0.960843247 0.870599878 -0.830791977 0.278624206 0.822362099 0.408970657 0.280770603
1745407685.251619 0.854734744 1.133328469 -0.930709311 0.287121918 0.854750590 0.419933422 0.103045402
1745407685.301971 0.516895996 1.391625833 -0.975167137 0.286769850 0.856220037 0.422285491 -0.079531539
1745407685.352192 0.444125081 1.708287369 -0.898378493 0.279182997 0.828773581 0.408819548 -0.260878864
1745407685.403500 0.332808472 2.060624311 -0.784082128 0.259371690 0.771196479 0.386699634 -0.434103340
1745407685.454810 -0.074947165 2.227135580 -0.578338806 -0.230913656 -0.688208958 -0.349641329 0.592282242
1745407685.505618 -0.123307386 2.466571993 -0.264205901 -0.193509950 -0.580213362 -0.303587947 0.730575603
1745407685.555714 -0.228896671 2.557448738 0.140919599 -0.146137004 -0.450697897 -0.250334445 0.844303291
1745407685.605799 -0.062204539 2.657328332 0.553318988 -0.094019744 -0.305906014 -0.187833552 0.928601290
1745407685.656396 0.216871185 2.711341118 0.913444846 -0.041696023 -0.151136597 -0.116891612 0.980691349
1745407685.707750 0.433566928 2.717040596 1.185382731 0.012734851 0.009056831 -0.042379606 0.998979362
1745407685.758142 0.736976711 2.717821234 1.383980746 0.068872565 0.169320067 0.030770326 0.982670073
1745407685.809113 1.082524360 2.751809715 1.476401097 0.121744617 0.323890948 0.103005104 0.932557157
1745407685.859297 1.308498098 2.765347172 1.495923991 0.177655819 0.466522103 0.170845044 0.849474843
1745407685.910138 1.650131450 2.900854053 1.420234707 0.223178297 0.593872609 0.232479305 0.737197494
1745407685.960261 1.785031220 3.037164410 1.279614137 0.259619617 0.700754043 0.285834223 0.599866838
1745407686.010842 1.976930085 3.286014131 1.124800599 0.284776287 0.784240805 0.329576512 0.441868926
1745407686.061911 1.942958129 3.505984420 0.966091087 0.301813281 0.839767027 0.362878403 0.268364210
1745407686.111971 1.823440302 3.744580616 0.830335061 0.306432226 0.868222135 0.380683792 0.085845594
1745407686.162457 1.638028265 3.973150900 0.767499953 0.300720436 0.866992994 0.384747775 -0.099295101
1745407686.213091 1.392955375 4.191214149 0.748023110 0.283812404 0.838908066 0.370693404 -0.279768076
1745407686.263375 1.120023706 4.367957653 0.828048839 0.256804707 0.782860524 0.343317845 -0.450903094
1745407686.313718 0.863293593 4.455041204 1.073297254 -0.219733716 -0.696961096 -0.310267473 0.608026661
1745407686.364697 0.688937695 4.473085246 1.396228937 -0.174900028 -0.586924920 -0.266570890 0.744223809
1745407686.415451 0.591679121 4.447262582 1.701338560 -0.127373650 -0.460150306 -0.208623340 0.853530287
1745407686.466262 0.608390850 4.375768781 2.022117442 -0.075102221 -0.317428502 -0.144660188 0.934169274
1745407686.517213 0.770933754 4.250208854 2.343368708 -0.016905875 -0.162097801 -0.079321510 0.983436115
1745407686.567884 1.020384221 4.154760666 2.538689962 0.035348740 -0.001047657 -0.008327166 0.999339796
1745407686.618806 1.331388789 4.074728830 2.652527569 0.089479364 0.159517938 0.062894858 0.981117581
1745407686.669102 1.669539127 4.032569713 2.662900618 0.140930365 0.314168726 0.132264851 0.929485155
1745407686.720230 1.991530129 4.052311353 2.561064705 0.186818223 0.458277038 0.197304610 0.846257643
1745407686.770878 2.256527470 4.141499590 2.371776023 0.225843611 0.586613762 0.255469274 0.734584514
1745407686.821537 2.435577509 4.282526072 2.134109410 0.257784007 0.695016117 0.305555702 0.597608330
1745407686.871807 2.518347612 4.465584658 1.888987874 0.282779856 0.778921976 0.346253483 0.439800675
