1745407689.851917028 0.026234785 -0.024608759 -0.022322798 -0.001619227 -0.001081949 -0.003253357 0.999992788
1745407689.901976109 0.026298488 -0.025291648 -0.022510115 -0.001794449 -0.001003986 -0.003097206 0.999993086
1745407689.952210903 0.043857459 -0.045823801 -0.037999641 -0.004302631 -0.002375567 -0.009557218 0.999942243
1745407690.002888918 0.055883236 -0.068956561 -0.055064607 -0.006964580 -0.002548489 -0.018376149 0.999803662
1745407690.052932978 0.055862423 -0.068000585 -0.054064363 -0.007397553 -0.001317565 -0.016202223 0.999840558
1745407690.103224993 0.069495246 -0.082287371 -0.065962985 -0.009740800 -0.001182259 -0.018477082 0.999781132
1745407690.154035091 0.057696298 -0.069838390 -0.055991489 -0.009076625 -0.000219151 -0.013265492 0.999870777
1745407690.204365969 0.071403086 -0.087830596 -0.069903605 -0.011423961 0.000273762 -0.016300954 0.999801815
1745407690.254435062 0.071704067 -0.087879948 -0.069926314 -0.011453831 0.000218388 -0.016263913 0.999802113
1745407690.304723978 0.084619865 -0.105856508 -0.083877496 -0.013813658 0.000870103 -0.019110337 0.999721587
1745407690.355451107 0.097389698 -0.119107299 -0.094640166 -0.015868649 0.000971471 -0.020594865 0.999661505
1745407690.405592918 0.097592123 -0.119473770 -0.095307156 -0.015872158 0.001138285 -0.020508792 0.999663055
1745407690.455765963 0.076965638 -0.091592453 -0.080509454 -0.012090423 0.001589178 -0.015059473 0.999812245
1745407690.506715059 0.076899946 -0.091365047 -0.079863995 -0.012014762 0.001442830 -0.014821804 0.999816895
1745407690.557082891 0.087693565 -0.101871677 -0.089498997 -0.013643372 0.001345084 -0.015818818 0.999780893
1745407690.608565092 0.067344509 -0.072604403 -0.068400405 -0.009371206 0.000511319 -0.012040053 0.999883533
1745407690.659280062 0.074230716 -0.079549104 -0.075676247 -0.010354695 0.000869624 -0.012966507 0.999861956
1745407690.709470987 0.074929766 -0.081041999 -0.076522231 -0.010509439 0.000877305 -0.013252250 0.999856591
1745407690.760036945 0.076123461 -0.080199927 -0.077665143 -0.010554271 0.000844947 -0.013023572 0.999859154
1745407690.810208082 0.083708741 -0.086985126 -0.084801145 -0.011608519 0.000741936 -0.013535472 0.999840736
1745407690.860879898 0.083835304 -0.087083817 -0.084894098 -0.011567105 0.000784188 -0.013693018 0.999839067
1745407690.912199020 0.087530918 -0.089890562 -0.089052305 -0.011925045 0.000631815 -0.013228614 0.999841213
1745407690.963510036 0.087251186 -0.089995049 -0.088476092 -0.011778416 0.000653638 -0.013473905 0.999839664
1745407691.013767958 0.093458809 -0.097781546 -0.095961303 -0.012814168 0.000742430 -0.014807850 0.999807954
1745407691.064412117 0.087990887 -0.086891897 -0.088556506 -0.011685176 0.000543570 -0.013646603 0.999838471
1745407691.114454985 0.087597191 -0.087904193 -0.088939205 -0.011563549 0.000692450 -0.014410212 0.999829113
1745407691.165627003 0.094510049 -0.093404904 -0.095074199 -0.012458707 0.000699696 -0.014610468 0.999815404
1745407691.216001034 0.094245009 -0.093526632 -0.095028378 -0.012432247 0.000758139 -0.014813690 0.999812663
1745407691.266100883 0.089727551 -0.087791406 -0.090980038 -0.012068012 0.000708825 -0.014196503 0.999826133
1745407691.317341089 0.089509904 -0.088160694 -0.090705685 -0.012101811 0.000738847 -0.014135444 0.999826610
1745407691.367593050 0.094383620 -0.092569150 -0.095349781 -0.012805200 0.000580554 -0.015191116 0.999802411
1745407691.418541908 0.099917494 -0.098281607 -0.102347076 -0.013498345 0.001175697 -0.016003851 0.999780118
1745407691.468754053 0.089977846 -0.086662568 -0.092018023 -0.012167119 0.000950224 -0.014488677 0.999820530
1745407691.519453049 0.093575604 -0.089980118 -0.095573448 -0.012598926 0.000910032 -0.015242023 0.999804020
1745407691.570441961 0.093708798 -0.089986198 -0.095693134 -0.012595899 0.001021894 -0.015372499 0.999801993
1745407691.620965004 0.098750144 -0.094888024 -0.100882292 -0.013434455 0.001099563 -0.015993703 0.999781251
1745407691.671627998 0.086587213 -0.081001937 -0.088482268 -0.011721949 0.001084361 -0.014338027 0.999827921
1745407691.721858025 0.090039596 -0.084477395 -0.091245368 -0.012094019 0.000674519 -0.015433073 0.999807537
1745407691.772288084 0.089824058 -0.084168322 -0.090939276 -0.012085312 0.000623668 -0.015466769 0.999807119
1745407691.823538065 0.095044978 -0.087994978 -0.096231714 -0.012656800 0.000695705 -0.015591095 0.999798119
1745407691.873709917 0.094668366 -0.087901317 -0.096361466 -0.012609418 0.000786498 -0.015392944 0.999801695
1745407691.923952103 0.086611912 -0.078478880 -0.087714769 -0.011448970 0.000794016 -0.014715350 0.999825835
1745407691.974755049 0.086377166 -0.078885905 -0.087435834 -0.011424005 0.000698810 -0.015120737 0.999820173
1745407692.025481939 0.090315729 -0.082211085 -0.090931416 -0.012166334 0.000663225 -0.015287479 0.999808908
1745407692.075885057 0.090507217 -0.081983984 -0.091177009 -0.012164000 0.000692846 -0.015180976 0.999810517
1745407692.126180887 0.093869388 -0.085473895 -0.095334530 -0.012643115 0.000966907 -0.015890559 0.999793351
1745407692.177016973 0.083491728 -0.075058140 -0.084532976 -0.011179409 0.000697528 -0.014999104 0.999824762
1745407692.227900028 0.086892799 -0.078106113 -0.087508656 -0.011645270 0.000516564 -0.015553704 0.999811113
1745407692.278477907 0.090413950 -0.082391843 -0.091367565 -0.012109620 0.000373855 -0.016894089 0.999783874
1745407692.329468012 0.090534948 -0.082604818 -0.091262892 -0.012108917 0.000370257 -0.016843680 0.999784768
1745407692.380584955 0.094445765 -0.085246548 -0.094980635 -0.012736238 0.000510424 -0.016400976 0.999784291
1745407692.431622028 0.082507357 -0.073189616 -0.082620829 -0.011260086 0.000489081 -0.015361929 0.999818504
1745407692.481904030 0.082389809 -0.073285267 -0.082520232 -0.011127131 0.000344798 -0.015872018 0.999812067
1745407692.531922102 0.084998652 -0.075228892 -0.084814832 -0.011857899 0.000329423 -0.015406447 0.999810934
1745407692.582967997 0.084986754 -0.075223513 -0.084793329 -0.011888657 0.000320361 -0.015291053 0.999812365
1745407692.633399963 0.087630920 -0.078016169 -0.087847427 -0.012234008 0.000241967 -0.016567832 0.999787867
1745407692.683587074 0.087567888 -0.078037068 -0.087830029 -0.012186616 0.000301463 -0.016500084 0.999789536
1745407692.733760118 0.070165634 -0.060488962 -0.070235431 -0.009800596 0.000217472 -0.014246184 0.999850512
1745407692.784727097 0.071874954 -0.062402800 -0.072259016 -0.009983583 0.000248101 -0.015409626 0.999831438
1745407692.835485935 0.071978815 -0.062204499 -0.072150685 -0.010103568 0.000227837 -0.014927785 0.999837518
1745407692.886354923 0.073615111 -0.062778227 -0.073399827 -0.010191663 0.000209811 -0.014323464 0.999845445
1745407692.937062979 0.073906735 -0.063193217 -0.073766060 -0.010240846 0.000205545 -0.014460934 0.999843001
1745407692.987539053 0.059880868 -0.049972653 -0.059434749 -0.008645257 0.000095471 -0.012387297 0.999885917
1745407693.038459063 0.061407555 -0.051347990 -0.061184138 -0.008887437 0.000219854 -0.013059640 0.999875188
1745407693.089108944 0.061369155 -0.051588438 -0.061495114 -0.008843927 0.000348484 -0.013436969 0.999870598
1745407693.139933109 0.063322417 -0.052898925 -0.062907398 -0.009121609 -0.000030228 -0.013014353 0.999873698
1745407693.190238953 0.063308626 -0.053094607 -0.063040853 -0.009128417 0.000079490 -0.013312367 0.999869764
1745407693.240902901 0.064875700 -0.054387614 -0.064677261 -0.009475213 0.000195318 -0.013091867 0.999869406
1745407693.291358948 0.055036061 -0.045165766 -0.054693274 -0.008232162 0.000179165 -0.011861331 0.999895751
1745407693.342108965 0.054810535 -0.045233883 -0.054605242 -0.008200918 0.000168653 -0.012631949 0.999886632
1745407693.392811060 0.056385942 -0.046661284 -0.056212489 -0.008293319 0.000199946 -0.013274434 0.999877512
1745407693.443082094 0.056380432 -0.046675857 -0.056220978 -0.008320734 0.000134859 -0.013448896 0.999874949
1745407693.493700981 0.057791341 -0.047864057 -0.057677425 -0.008655220 0.000226202 -0.013797964 0.999867320
1745407693.544488907 0.057851307 -0.047966044 -0.057693604 -0.008760147 0.000205106 -0.013694211 0.999867857
1745407693.594496965 0.049807370 -0.040641367 -0.049679674 -0.007882702 0.000306400 -0.012192374 0.999894559
1745407693.645519018 0.050975237 -0.041585676 -0.050827071 -0.008030776 0.000108809 -0.012573223 0.999888718
1745407693.695997953 0.050977662 -0.041632678 -0.050857406 -0.008078908 0.000127972 -0.012473258 0.999889612
1745407693.746241093 0.052055705 -0.042580057 -0.052243322 -0.008125968 0.000718054 -0.013039088 0.999881744
1745407693.797194958 0.052215941 -0.042878713 -0.052417971 -0.008224705 0.000668433 -0.012976176 0.999881804
1745407693.847589970 0.053777058 -0.043854073 -0.053777222 -0.008964944 0.000778266 -0.012082805 0.999886513
1745407693.897871017 0.046374146 -0.037589233 -0.046441589 -0.007887392 0.000701410 -0.011684393 0.999900401
1745407693.948683023 0.047190480 -0.038098816 -0.047171850 -0.007881009 0.000476745 -0.012411767 0.999891818
1745407693.998949051 0.047133084 -0.038090888 -0.047216665 -0.007824403 0.000517531 -0.012441299 0.999891877
1745407694.049474955 0.048259072 -0.039087739 -0.048425876 -0.008077334 0.000687957 -0.012730005 0.999886155
1745407694.099606991 0.049317438 -0.039864376 -0.049437959 -0.008418463 0.000870308 -0.012148554 0.999890387
1745407694.150520086 0.049351279 -0.039941069 -0.049458299 -0.008440765 0.000781173 -0.012331326 0.999888062
1745407694.200870037 0.049337313 -0.039968144 -0.049502816 -0.008386202 0.000836804 -0.012325455 0.999888539
1745407694.251698017 0.043771252 -0.035239670 -0.043900933 -0.007624548 0.000374919 -0.012240702 0.999895990
1745407694.302061081 0.044875335 -0.035991114 -0.044848081 -0.007682031 0.000198311 -0.012811661 0.999888420
1745407694.353001118 0.044882800 -0.035876807 -0.044794459 -0.007848557 0.000204110 -0.011876971 0.999898672
1745407694.403477907 0.045631446 -0.036446355 -0.045664743 -0.007873043 0.000672652 -0.012215299 0.999894202
1745407694.454277992 0.045707073 -0.036513742 -0.045710389 -0.007929768 0.000663006 -0.012146856 0.999894619
1745407694.505248070 0.045693383 -0.036518935 -0.045712013 -0.007925446 0.000640700 -0.012156473 0.999894500
1745407694.555423975 0.046807528 -0.037199806 -0.046812531 -0.008137135 0.000630913 -0.012863031 0.999883950
1745407694.605616093 0.042992763 -0.034037944 -0.042821862 -0.007653730 0.000356626 -0.012238214 0.999895751
1745407694.656136990 0.042989962 -0.034038190 -0.042773340 -0.007681841 0.000255420 -0.012375419 0.999893904
1745407694.706782103 0.043605659 -0.034532126 -0.043499544 -0.007703779 0.000231258 -0.012875935 0.999887407
1745407694.756917000 0.043604646 -0.034621261 -0.043519773 -0.007727871 0.000175218 -0.013255744 0.999882281
1745407694.807523966 0.045108482 -0.036073104 -0.045189809 -0.008229691 0.000152058 -0.013633236 0.999873221
1745407694.857777119 0.045212455 -0.035717562 -0.045221690 -0.008085338 0.000358698 -0.012979889 0.999883056
1745407694.908148050 0.045471467 -0.035731081 -0.045343634 -0.008177027 0.000452107 -0.012107691 0.999893188
1745407694.958256960 0.042083826 -0.033393808 -0.042198982 -0.008080923 0.000501575 -0.012413613 0.999890208
1745407695.009316921 0.042065319 -0.033436008 -0.042129204 -0.008087537 0.000347807 -0.012730853 0.999886215
1745407695.059417009 0.042891040 -0.034007020 -0.042871594 -0.008113078 0.000439951 -0.012916476 0.999883592
1745407695.110200882 0.043682750 -0.034590632 -0.043654323 -0.008435835 0.000419608 -0.012871387 0.999881506
1745407695.160521984 0.043689702 -0.034620386 -0.043678518 -0.008439188 0.000506133 -0.012923564 0.999880791
1745407695.211123943 0.044466261 -0.035226297 -0.044533890 -0.008641656 0.000546913 -0.012687148 0.999882042
1745407695.261744022 0.044430181 -0.035202634 -0.044517733 -0.008621788 0.000447759 -0.012879160 0.999879837
1745407695.311795950 0.043734029 -0.034561701 -0.043850359 -0.008535434 0.000645919 -0.012008226 0.999891281
1745407695.361802101 0.043873522 -0.034687977 -0.043949477 -0.008572356 0.000600578 -0.011894350 0.999892354
1745407695.413311958 0.044471320 -0.035267100 -0.044592381 -0.008414578 0.000607201 -0.012702847 0.999883771
1745407695.464565992 0.045178585 -0.035733040 -0.045288403 -0.008935268 0.000788449 -0.012219096 0.999885142
1745407695.514627934 0.045237109 -0.035809129 -0.045348231 -0.008925589 0.000718679 -0.012253386 0.999884844
1745407695.564966917 0.046091374 -0.036686908 -0.046380952 -0.008810923 0.000877159 -0.012274312 0.999885499
1745407695.615170956 0.046042752 -0.036590859 -0.046292707 -0.008837909 0.000984303 -0.012390917 0.999883711
1745407695.665262938 0.046885569 -0.037169132 -0.047036547 -0.009166242 0.000643936 -0.012616391 0.999878228
1745407695.715862989 0.047586761 -0.037755441 -0.047869194 -0.009179661 0.000838335 -0.013008670 0.999872923
1745407695.766469955 0.043282621 -0.034221090 -0.043508746 -0.008752209 0.000813254 -0.012556132 0.999882579
1745407695.817470074 0.043899748 -0.034625255 -0.044079192 -0.008732831 0.000465450 -0.012569199 0.999882758
1745407695.868762970 0.043862849 -0.034553830 -0.043969497 -0.008770433 0.000385692 -0.012439559 0.999884129
1745407695.919555902 0.044593219 -0.035071936 -0.044697985 -0.008893023 0.000560172 -0.012382015 0.999883652
1745407695.969702959 0.044587143 -0.035051607 -0.044690300 -0.008745092 0.000458425 -0.012185439 0.999887407
1745407696.020667076 0.045255847 -0.035445169 -0.045267027 -0.008917913 0.000266468 -0.012238504 0.999885321
1745407696.072084904 0.045639109 -0.035919152 -0.045965150 -0.009306061 0.001036493 -0.012416693 0.999879062
1745407696.122787952 0.045555655 -0.035769410 -0.045885425 -0.009307307 0.001013854 -0.012396281 0.999879360
1745407696.173238993 0.046429213 -0.036357809 -0.046638098 -0.009436046 0.000875737 -0.011403165 0.999890089
1745407696.224293947 0.042423766 -0.033338245 -0.042745661 -0.008907134 0.000727503 -0.011669836 0.999891996
1745407696.275151014 0.042943541 -0.033828162 -0.043379657 -0.008730341 0.000630978 -0.012140199 0.999888003
1745407696.325366974 0.042978413 -0.033787988 -0.043312572 -0.008829188 0.000614001 -0.011882771 0.999890268
1745407696.375575066 0.043350033 -0.034057263 -0.043722689 -0.009050948 0.000900205 -0.011813911 0.999888837
1745407696.425939083 0.043835811 -0.034401968 -0.044270508 -0.009319579 0.001154336 -0.012085365 0.999882877
1745407696.476314068 0.043876905 -0.034422774 -0.044286165 -0.009443766 0.001147754 -0.011942538 0.999883473
1745407696.526678085 0.044692125 -0.035044361 -0.045071058 -0.009343655 0.000691374 -0.011772582 0.999886811
1745407696.577503920 0.044279866 -0.034705028 -0.044659007 -0.009333192 0.000702820 -0.011594691 0.999889016
1745407696.627743006 0.045443170 -0.035667840 -0.045885742 -0.009536869 0.000813889 -0.011885618 0.999883592
1745407696.678261995 0.043166127 -0.033707507 -0.043569833 -0.009113557 0.000820105 -0.011359866 0.999893606
1745407696.728355885 0.043768901 -0.034144606 -0.044167116 -0.008976256 0.000677522 -0.011428588 0.999894202
1745407696.779064894 0.043747570 -0.034104485 -0.044121228 -0.008990397 0.000703423 -0.011345981 0.999894977
1745407696.829320908 0.044309799 -0.034728140 -0.044806618 -0.009412820 0.000813943 -0.011497877 0.999889314
1745407696.880037069 0.044376105 -0.034795783 -0.044853818 -0.009358270 0.000467665 -0.011385744 0.999891281
1745407696.930159092 0.045086145 -0.035319805 -0.045545042 -0.009291942 0.000597593 -0.011147521 0.999894559
1745407696.980211973 0.045090795 -0.035300560 -0.045544472 -0.009288637 0.000618693 -0.010952943 0.999896705
1745407697.031032085 0.045945175 -0.036330834 -0.046580561 -0.009878663 0.000906217 -0.011473924 0.999884963
1745407697.081175089 0.045952611 -0.036410507 -0.046614129 -0.009904181 0.000969457 -0.011977727 0.999878764
1745407697.131989002 0.046390638 -0.036354061 -0.046929568 -0.009881523 0.000515657 -0.012301688 0.999875426
1745407697.182214975 0.041944627 -0.032746635 -0.042434808 -0.009311819 0.000442354 -0.011558829 0.999889791
1745407697.232425928 0.042685974 -0.033667810 -0.043406006 -0.009422956 0.000858072 -0.012412049 0.999878228
1745407697.282588005 0.043526549 -0.034276173 -0.044216212 -0.009327610 0.000939171 -0.012264997 0.999880850
1745407697.332648039 0.043510418 -0.034282394 -0.044218760 -0.009391010 0.001075952 -0.011822422 0.999885440
1745407697.383224010 0.043916095 -0.035173655 -0.044845823 -0.009842979 0.000835082 -0.011256572 0.999887884
1745407697.433259010 0.043874633 -0.035110891 -0.044738419 -0.009762151 0.000780249 -0.011385576 0.999887228
1745407697.483944893 0.044452719 -0.035467353 -0.045331914 -0.010137751 0.000885779 -0.012478259 0.999870360
1745407697.534077883 0.045142461 -0.035571240 -0.046033870 -0.010072765 0.000936047 -0.012135860 0.999875188
1745407697.584821939 0.045130298 -0.035568811 -0.046039734 -0.009852147 0.000912396 -0.012278683 0.999875665
1745407697.635799885 0.045835573 -0.036024738 -0.046713971 -0.009861365 0.001170547 -0.012274731 0.999875367
1745407697.686558008 0.045864027 -0.035995714 -0.046688255 -0.009862126 0.001145036 -0.012109061 0.999877393
1745407697.736767054 0.042865794 -0.033583198 -0.043499500 -0.009743213 0.000641368 -0.011380831 0.999887586
1745407697.787374020 0.043501645 -0.034166083 -0.044113390 -0.009957512 0.000781355 -0.011579464 0.999883115
1745407697.837589979 0.043445937 -0.034057576 -0.044036664 -0.010032265 0.000820064 -0.011202019 0.999886632
1745407697.888261080 0.044068027 -0.034459855 -0.044557653 -0.010292200 0.000752833 -0.011531490 0.999880254
1745407697.938657999 0.043944728 -0.034421451 -0.044484243 -0.010053051 0.000672280 -0.012143818 0.999875486
1745407697.988868952 0.043809108 -0.034380373 -0.044557080 -0.010165805 0.000736656 -0.012162501 0.999874115
1745407698.039150953 0.043938432 -0.034408987 -0.044637091 -0.010063310 0.000798206 -0.012393499 0.999872267
1745407698.090151072 0.043757904 -0.034006789 -0.044317678 -0.010343705 0.001043866 -0.011405194 0.999880970
1745407698.140654087 0.044094715 -0.034503989 -0.044788301 -0.010419602 0.000962343 -0.011506289 0.999879062
1745407698.192131042 0.043040473 -0.034100566 -0.044122264 -0.009868803 0.001100828 -0.013090712 0.999865055
1745407698.242634058 0.039663579 -0.032104868 -0.041262377 -0.009475200 0.001253079 -0.013316618 0.999865711
1745407698.292648077 0.040022869 -0.032397807 -0.041676063 -0.009582190 0.001098134 -0.013401640 0.999863684
1745407698.343101978 0.041333221 -0.033569530 -0.043126997 -0.009982112 0.001018758 -0.013922691 0.999852777
1745407698.393184900 0.041302361 -0.033220630 -0.042983461 -0.009891314 0.001067224 -0.013169891 0.999863803
1745407698.443540096 0.040773839 -0.032697376 -0.042306088 -0.009855305 0.001042587 -0.012157789 0.999877036
1745407698.494484901 0.041382376 -0.033292186 -0.042897891 -0.009772317 0.001045851 -0.012148285 0.999877930
1745407698.544785023 0.041033559 -0.033132512 -0.042560913 -0.009735748 0.001105128 -0.012699956 0.999871373
1745407698.595340967 0.041521937 -0.033315245 -0.042889774 -0.009984264 0.001167418 -0.011501972 0.999883354
1745407698.645474911 0.041019298 -0.032786448 -0.042343255 -0.009707675 0.000960146 -0.011248702 0.999889195
1745407698.695620060 0.040117703 -0.031494066 -0.041288722 -0.009856110 0.001362505 -0.009808783 0.999902427
1745407698.746133089 0.040013775 -0.031351406 -0.041168336 -0.009930905 0.001386880 -0.009424923 0.999905348
1745407698.796607971 0.038551044 -0.030213552 -0.039804608 -0.009758636 0.000954891 -0.010379638 0.999898076
1745407698.846731901 0.038878579 -0.030188506 -0.040159203 -0.009520353 0.001263255 -0.010871514 0.999894798
1745407698.897284031 0.038754944 -0.030061627 -0.040108185 -0.009393247 0.001435326 -0.011202889 0.999892116
1745407698.947757006 0.039776146 -0.031349365 -0.041239001 -0.009822398 0.001342064 -0.011869299 0.999880433
1745407698.998131037 0.039777692 -0.031311464 -0.041226842 -0.009884653 0.001320085 -0.011578662 0.999883294
1745407699.048558950 0.041523013 -0.032751646 -0.042963222 -0.009690676 0.001491243 -0.011293347 0.999888182
1745407699.098727942 0.041768089 -0.032863624 -0.043146055 -0.009738851 0.001348727 -0.011084757 0.999890208
1745407699.148756981 0.041408643 -0.033116236 -0.042932227 -0.010254648 0.001249935 -0.012111517 0.999873340
1745407699.199691057 0.039495703 -0.031468671 -0.041064076 -0.009778531 0.001172276 -0.011077058 0.999890149
1745407699.249932051 0.038954478 -0.030691840 -0.040602278 -0.009709612 0.001344664 -0.010946102 0.999892056
1745407699.300261974 0.039014675 -0.030557526 -0.040630165 -0.009638165 0.001218572 -0.011023893 0.999892056
1745407699.350991964 0.038175419 -0.029533627 -0.039237242 -0.009105692 0.001153391 -0.010491586 0.999902844
1745407699.401213884 0.038155675 -0.029458351 -0.039140262 -0.009156386 0.001097545 -0.010339197 0.999904037
1745407699.451936960 0.038825311 -0.030169325 -0.040120672 -0.009469944 0.001067121 -0.010232794 0.999902248
1745407699.502434015 0.038859244 -0.030208142 -0.040185202 -0.009527382 0.001109223 -0.010322501 0.999900699
1745407699.553031921 0.038907953 -0.030167513 -0.040310584 -0.009663427 0.001120809 -0.009962794 0.999903083
1745407699.603868008 0.038592599 -0.030126510 -0.040137213 -0.009571287 0.001126632 -0.009903084 0.999904573
1745407699.654244900 0.039399818 -0.030621784 -0.040597476 -0.009750243 0.001321621 -0.010612378 0.999895334
1745407699.705235004 0.039587121 -0.030717943 -0.040674321 -0.009745754 0.001286137 -0.010477236 0.999896824
1745407699.755279064 0.039882213 -0.030908972 -0.040978078 -0.009556390 0.000914978 -0.010215432 0.999901772
1745407699.805996895 0.040259741 -0.031326238 -0.041400608 -0.009728267 0.001034030 -0.011018418 0.999891460
1745407699.856112957 0.040224448 -0.031301156 -0.041377395 -0.009728358 0.001093651 -0.011378965 0.999887347
1745407699.906232119 0.041088581 -0.032060701 -0.042299788 -0.010210338 0.001182293 -0.011106702 0.999885499
1745407699.956274033 0.038053658 -0.029327339 -0.039074991 -0.009633298 0.001246398 -0.010197612 0.999900818
1745407700.006906033 0.038228098 -0.029402139 -0.039341893 -0.009728964 0.001286207 -0.010172871 0.999900103
1745407700.056946993 0.038033288 -0.029265083 -0.039185267 -0.009430937 0.001097885 -0.010270595 0.999902189
1745407700.107054949 0.038194519 -0.029482871 -0.039472960 -0.009645962 0.001029836 -0.010435802 0.999898493
1745407700.158410072 0.038481310 -0.029754527 -0.039713711 -0.009672693 0.001255856 -0.010575397 0.999896526
1745407700.209090948 0.038453128 -0.029713811 -0.039652102 -0.009483648 0.000786266 -0.010582710 0.999898732
1745407700.259562969 0.039023943 -0.030151712 -0.040319644 -0.009853259 0.000886616 -0.010197260 0.999899089
1745407700.309824944 0.039177448 -0.030271038 -0.040368259 -0.010063893 0.001135705 -0.010788313 0.999890506
1745407700.360614061 0.039193496 -0.030307144 -0.040486790 -0.010227048 0.001133725 -0.010771031 0.999889076
1745407700.411962986 0.039380789 -0.030317860 -0.040592924 -0.009642496 0.000873718 -0.010629579 0.999896646
1745407700.462310076 0.039388169 -0.030307764 -0.040547729 -0.009726319 0.000891332 -0.010420849 0.999898016
1745407700.512516975 0.039398987 -0.030830733 -0.040873379 -0.009900840 0.000970195 -0.011094636 0.999888957
1745407700.562689066 0.038573571 -0.029814960 -0.039998122 -0.009657283 0.000990439 -0.010913519 0.999893367
1745407700.613080978 0.039133865 -0.030234559 -0.040490121 -0.009888960 0.000996498 -0.010581439 0.999894619
1745407700.663235903 0.038935184 -0.030434722 -0.040478397 -0.009597425 0.001083457 -0.011807255 0.999883652
1745407700.713721037 0.038988221 -0.030420611 -0.040511910 -0.009552438 0.000872010 -0.011716306 0.999885380
1745407700.764379978 0.038521938 -0.030556453 -0.040156662 -0.009624042 0.000963006 -0.011120967 0.999891400
1745407700.815012932 0.038406391 -0.030426988 -0.040191215 -0.009563297 0.000950359 -0.010862767 0.999894857
1745407700.865258932 0.038422097 -0.030525649 -0.040187724 -0.009821842 0.000779298 -0.011732587 0.999882638
1745407700.915857077 0.038711794 -0.030783616 -0.040830944 -0.010200228 0.001263280 -0.012038325 0.999874711
1745407700.965922117 0.039030228 -0.030629428 -0.040967457 -0.010127367 0.001183043 -0.011950381 0.999876618
1745407701.016066074 0.039164819 -0.030701442 -0.041294407 -0.010081588 0.001017516 -0.011870667 0.999878228
1745407701.067022085 0.038908061 -0.030593937 -0.040717978 -0.009952655 0.001388363 -0.012063159 0.999876797
1745407701.118016958 0.039019879 -0.030531153 -0.040786233 -0.010105124 0.001327075 -0.011510511 0.999881804
1745407701.168848991 0.039084926 -0.030663487 -0.040848613 -0.009907932 0.001025658 -0.011701514 0.999881923
1745407701.219134092 0.037468914 -0.028985728 -0.039012987 -0.009565169 0.000796722 -0.010550236 0.999898314
1745407701.269623995 0.039197288 -0.030211795 -0.040805805 -0.010025751 0.000689025 -0.010617784 0.999893129
1745407701.320281982 0.039271053 -0.030275596 -0.040841185 -0.010070273 0.000527084 -0.010714634 0.999891758
1745407701.370728970 0.039009139 -0.030366985 -0.040840358 -0.010236834 0.000819684 -0.011297282 0.999883473
1745407701.421768904 0.038912859 -0.030254802 -0.040712193 -0.010149338 0.000721649 -0.011013656 0.999887586
1745407701.472049952 0.039291121 -0.030518748 -0.041152455 -0.010026213 0.000388242 -0.011015348 0.999889016
1745407701.523046017 0.039362114 -0.030923460 -0.041416500 -0.010264616 0.000908102 -0.011193020 0.999884248
1745407701.573657990 0.039323471 -0.030805813 -0.041392263 -0.010171604 0.000905475 -0.011386706 0.999883056
1745407701.623857975 0.039633412 -0.031180853 -0.041897427 -0.010477830 0.001178135 -0.011069880 0.999883175
1745407701.674824953 0.039595600 -0.031079400 -0.041856084 -0.010452052 0.001126413 -0.011034964 0.999883890
1745407701.725195885 0.039623104 -0.031027813 -0.041877814 -0.010288003 0.001309499 -0.010386487 0.999892294
1745407701.775636911 0.039635871 -0.031040918 -0.041883580 -0.010320080 0.001260856 -0.010568910 0.999890089
1745407701.826159954 0.040044144 -0.031772844 -0.042050809 -0.010514747 0.000801493 -0.010997235 0.999883950
1745407701.876327038 0.036830306 -0.028788017 -0.038669236 -0.009821696 0.000740611 -0.010717062 0.999894083
1745407701.926812887 0.036837015 -0.028817713 -0.038742948 -0.010489158 0.000671920 -0.011345544 0.999880433
1745407701.977054119 0.036826815 -0.028816020 -0.038774960 -0.010607846 0.000846274 -0.010794342 0.999885142
1745407702.027446985 0.036539372 -0.028666615 -0.038571194 -0.010037650 0.001083901 -0.011328801 0.999884844
1745407702.078157902 0.036910128 -0.028765971 -0.038777184 -0.010266379 0.000828104 -0.010511172 0.999891698
1745407702.129111052 0.037103504 -0.029022383 -0.038980514 -0.010295914 0.000808228 -0.011325528 0.999882579
1745407702.179836035 0.037323996 -0.029337298 -0.039215896 -0.010221588 0.000881640 -0.011395059 0.999882460
1745407702.229897976 0.037618373 -0.029486485 -0.039501116 -0.010357148 0.001113569 -0.011323706 0.999881625
1745407702.279963017 0.038162913 -0.029754093 -0.039920941 -0.010147396 0.000358027 -0.011197890 0.999885798
1745407702.330317974 0.038152814 -0.029767854 -0.039936695 -0.010217076 0.000468454 -0.011483737 0.999881744
1745407702.380343914 0.037728496 -0.029104035 -0.039422520 -0.010243674 0.000552316 -0.011327963 0.999883235
1745407702.430439949 0.037762806 -0.028844928 -0.039351542 -0.010327906 0.000585620 -0.010995468 0.999886036
1745407702.481806040 0.037869748 -0.029566955 -0.039909005 -0.010330098 0.000719689 -0.010364749 0.999892652
1745407702.531805992 0.037972376 -0.029553695 -0.039990153 -0.010373082 0.000405347 -0.011609164 0.999878764
1745407702.581859112 0.037859093 -0.029495351 -0.039822090 -0.010406788 0.000329681 -0.011384774 0.999880970
1745407702.631974936 0.037946265 -0.029855719 -0.040307064 -0.010746961 0.001159288 -0.011095078 0.999880016
1745407702.682122946 0.037735187 -0.029317155 -0.039894808 -0.010464814 0.001031832 -0.010410191 0.999890566
1745407702.732508898 0.037826244 -0.029239053 -0.039926413 -0.010187295 0.001115821 -0.010921781 0.999887884
1745407702.782824039 0.037513029 -0.029338710 -0.039866921 -0.010456988 0.000853329 -0.010702190 0.999887705
1745407702.832995892 0.037506312 -0.029467585 -0.039890081 -0.010568876 0.000795492 -0.010995537 0.999883413
1745407702.883733034 0.037781056 -0.030087747 -0.040386189 -0.010647021 0.000977234 -0.011890889 0.999872148
1745407702.934535980 0.038013056 -0.030067232 -0.040406000 -0.010694104 0.000845894 -0.011899784 0.999871671
1745407702.984802008 0.038064834 -0.029935593 -0.040379737 -0.010574104 0.000788829 -0.011451659 0.999878228
1745407703.035881996 0.038625054 -0.030353243 -0.040987581 -0.010340699 0.000725686 -0.011410811 0.999881208
1745407703.086035967 0.039168846 -0.030746570 -0.041637957 -0.010662929 0.000707855 -0.011428296 0.999877632
1745407703.136653900 0.038529783 -0.030386614 -0.040908758 -0.010382508 0.000781614 -0.010699115 0.999888599
1745407703.186778069 0.038680799 -0.030139457 -0.040551174 -0.010028776 0.000850988 -0.010779540 0.999891281
1745407703.236865997 0.038736671 -0.030118288 -0.040613905 -0.010262915 0.000936128 -0.010622566 0.999890506
1745407703.287151098 0.038805861 -0.030411104 -0.040761620 -0.010556229 0.000812505 -0.010563331 0.999888182
1745407703.337268114 0.038767628 -0.030195849 -0.040723134 -0.010501239 0.000879600 -0.010314209 0.999891281
1745407703.387523890 0.038933735 -0.029224079 -0.040811654 -0.010378290 0.000513277 -0.012424637 0.999868870
1745407703.437937975 0.039405245 -0.029950572 -0.041528460 -0.010420455 0.000364686 -0.012134319 0.999872029
1745407703.488651991 0.040357407 -0.028038638 -0.041815028 -0.015292451 -0.003781529 -0.049763542 0.998636782
1745407703.538757086 0.040087748 -0.026682450 -0.041730434 -0.027754182 -0.000333131 -0.111238033 0.993406117
1745407703.589313030 0.040012099 -0.026351335 -0.041017242 -0.027424604 -0.000431500 -0.110704660 0.993474841
